1 0.62109375 0.5087890625 0.12890625 0.146484375
1 0.947265625 0.3056640625 0.060546875 0.0625
1 0.90625 0.6142578125 0.072265625 0.08984375
1 0.6513671875 0.1279296875 0.06640625 0.099609375
1 0.736328125 0.248046875 0.025390625 0.056640625
1 0.0537109375 0.5087890625 0.107421875 0.158203125
1 0.02734375 0.396484375 0.0546875 0.109375
1 0.2138671875 0.1513671875 0.150390625 0.166015625
1 0.154296875 0.0927734375 0.07421875 0.08984375
1 0.2705078125 0.3896484375 0.04296875 0.072265625
1 0.494140625 0.0341796875 0.04296875 0.06640625
1 0.4248046875 0.2275390625 0.03125 0.048828125