1 0.6201171875 0.4814453125 0.103515625 0.126953125
1 0.8916015625 0.2099609375 0.05078125 0.052734375
1 0.921875 0.51953125 0.056640625 0.080078125
1 0.5634765625 0.103515625 0.0478515625 0.0908203125
1 0.673828125 0.201171875 0.013671875 0.0556640625
1 0.056640625 0.611328125 0.099609375 0.138671875
1 0.0166015625 0.505859375 0.033203125 0.10546875
1 0.142578125 0.224609375 0.1220703125 0.142578125
1 0.0712890625 0.1806640625 0.05859375 0.078125
1 0.251953125 0.4443359375 0.029296875 0.0673828125
1 0.3896484375 0.0478515625 0.029296875 0.060546875
1 0.365234375 0.251953125 0.0224609375 0.0439453125