1 0.3076171875 0.3271484375 0.048828125 0.0859375
1 0.33203125 0.7705078125 0.11328125 0.197265625
1 0.3955078125 0.7412109375 0.078125 0.19140625
1 0.3212890625 0.298828125 0.044921875 0.087890625
1 0.3359375 0.306640625 0.033203125 0.03125
1 0.6826171875 0.318359375 0.041015625 0.060546875
1 0.66015625 0.275390625 0.03515625 0.09765625
1 0.6513671875 0.2900390625 0.02734375 0.046875
1 0.7333984375 0.7685546875 0.109375 0.16015625
1 0.66015625 0.7333984375 0.08203125 0.1953125
1 0.6240234375 0.7578125 0.041015625 0.12890625