1 0.291015625 0.3486328125 0.056640625 0.08984375
1 0.361328125 0.787109375 0.1328125 0.20703125
1 0.4208984375 0.7509765625 0.09765625 0.1953125
1 0.30078125 0.3193359375 0.0546875 0.091796875
1 0.3173828125 0.32421875 0.03515625 0.03515625
1 0.662109375 0.30078125 0.046875 0.064453125
1 0.6357421875 0.259765625 0.044921875 0.099609375
1 0.62890625 0.275390625 0.03125 0.048828125
1 0.759765625 0.7421875 0.123046875 0.16796875
1 0.68359375 0.71484375 0.1015625 0.201171875
1 0.650390625 0.7431640625 0.052734375 0.130859375