1 0.3173828125 0.3173828125 0.044921875 0.0830078125
1 0.318359375 0.76171875 0.103515625 0.1923828125
1 0.3828125 0.7353515625 0.068359375 0.1875
1 0.33203125 0.2900390625 0.041015625 0.0859375
1 0.3466796875 0.2978515625 0.03125 0.0302734375
1 0.69140625 0.328125 0.0380859375 0.0595703125
1 0.671875 0.2841796875 0.029296875 0.0966796875
1 0.662109375 0.2978515625 0.0244140625 0.0458984375
1 0.71875 0.7802734375 0.1005859375 0.154296875
1 0.6474609375 0.7412109375 0.072265625 0.19140625
1 0.6103515625 0.763671875 0.0341796875 0.126953125