1 0.84765625 0.2763671875 0.087890625 0.12890625
1 0.8212890625 0.6572265625 0.103515625 0.142578125
1 0.828125 0.1982421875 0.064453125 0.0546875
1 0.6484375 0.1416015625 0.078125 0.107421875
1 0.8720703125 0.212890625 0.05078125 0.048828125
1 0.0146484375 0.5576171875 0.029296875 0.072265625
1 0.7451171875 0.6572265625 0.048828125 0.0390625
1 0.783203125 0.66015625 0.037109375 0.033203125
1 0.1708984375 0.2666015625 0.078125 0.064453125
1 0.017578125 0.51171875 0.03515625 0.046875
1 0.1484375 0.216796875 0.0546875 0.068359375