1 0.7939453125 0.208984375 0.0654296875 0.1181640625
1 0.8466796875 0.5869140625 0.0791015625 0.12890625
1 0.7578125 0.13671875 0.056640625 0.0439453125
1 0.5703125 0.1181640625 0.05859375 0.0966796875
1 0.8037109375 0.1416015625 0.0439453125 0.041015625
1 0.0234375 0.66015625 0.0458984375 0.0634765625
1 0.7724609375 0.6025390625 0.0439453125 0.0302734375
1 0.810546875 0.59765625 0.033203125 0.0263671875
1 0.1298828125 0.33984375 0.0693359375 0.0517578125
1 0.0234375 0.61328125 0.04296875 0.0390625
1 0.09765625 0.2958984375 0.04296875 0.0615234375