1 0.75390625 0.267578125 0.0859375 0.11328125
1 0.6689453125 0.65234375 0.11328125 0.138671875
1 0.2216796875 0.525390625 0.06640625 0.048828125
1 0.357421875 0.0966796875 0.060546875 0.0625
1 0.8427734375 0.693359375 0.072265625 0.0859375
1 0.8017578125 0.1865234375 0.060546875 0.06640625
1 0.4248046875 0.1748046875 0.095703125 0.119140625
1 0.7900390625 0.6865234375 0.05078125 0.044921875
1 0.70703125 0.65625 0.037109375 0.0390625
1 0.9091796875 0.2919921875 0.08984375 0.142578125
1 0.892578125 0.2490234375 0.056640625 0.0625
1 0.2998046875 0.5625 0.107421875 0.11328125