1 0.71484375 0.23046875 0.072265625 0.107421875
1 0.6904296875 0.6240234375 0.09765625 0.12890625
1 0.228515625 0.568359375 0.0625 0.041015625
1 0.2958984375 0.1240234375 0.052734375 0.056640625
1 0.8681640625 0.6376953125 0.0625 0.080078125
1 0.7490234375 0.1435546875 0.0546875 0.05859375
1 0.3740234375 0.1904296875 0.080078125 0.111328125
1 0.8154296875 0.6396484375 0.046875 0.0390625
1 0.728515625 0.6220703125 0.033203125 0.03515625
1 0.8720703125 0.23046875 0.0703125 0.13671875
1 0.8486328125 0.19140625 0.05078125 0.056640625
1 0.3125 0.5927734375 0.095703125 0.103515625