1 0.8037109375 0.2197265625 0.0703125 0.12109375
1 0.84375 0.5986328125 0.083984375 0.130859375
1 0.7705078125 0.1455078125 0.05859375 0.044921875
1 0.583984375 0.12109375 0.0625 0.099609375
1 0.81640625 0.15234375 0.044921875 0.04296875
1 0.021484375 0.6435546875 0.04296875 0.064453125
1 0.7685546875 0.6123046875 0.044921875 0.03125
1 0.806640625 0.6083984375 0.033203125 0.02734375
1 0.1357421875 0.3271484375 0.0703125 0.0546875
1 0.0205078125 0.5966796875 0.041015625 0.041015625
1 0.10546875 0.2822265625 0.044921875 0.0625