1 0.8505859375 0.216796875 0.068359375 0.1328125
1 0.8994140625 0.28125 0.052734375 0.095703125
1 0.87109375 0.1572265625 0.044921875 0.068359375
1 0.16796875 0.1748046875 0.0625 0.083984375
1 0.115234375 0.5625 0.05859375 0.0703125
1 0.0693359375 0.5048828125 0.0546875 0.05859375
1 0.138671875 0.54296875 0.03515625 0.09375
1 0.18359375 0.1181640625 0.044921875 0.1015625
1 0.1240234375 0.1337890625 0.048828125 0.12109375
1 0.861328125 0.6083984375 0.068359375 0.115234375
1 0.9296875 0.62890625 0.064453125 0.095703125
1 0.8681640625 0.55078125 0.04296875 0.078125