1 0.685546875 0.2099609375 0.0625 0.1005859375
1 0.7021484375 0.603515625 0.0849609375 0.12109375
1 0.2373046875 0.5966796875 0.05859375 0.03515625
1 0.2578125 0.1474609375 0.0478515625 0.0517578125
1 0.880859375 0.5986328125 0.0546875 0.07421875
1 0.7099609375 0.119140625 0.048828125 0.0546875
1 0.3427734375 0.205078125 0.0703125 0.1044921875
1 0.828125 0.60546875 0.04296875 0.03515625
1 0.740234375 0.59765625 0.0302734375 0.0322265625
1 0.841796875 0.193359375 0.0576171875 0.1318359375
1 0.814453125 0.15625 0.044921875 0.0517578125
1 0.3232421875 0.6123046875 0.0859375 0.0947265625