1 0.830078125 0.193359375 0.060546875 0.1279296875
1 0.8828125 0.25390625 0.0458984375 0.091796875
1 0.8466796875 0.1318359375 0.041015625 0.06640625
1 0.146484375 0.1982421875 0.0576171875 0.080078125
1 0.1201171875 0.5888671875 0.0537109375 0.0673828125
1 0.0703125 0.53515625 0.05078125 0.0546875
1 0.142578125 0.568359375 0.029296875 0.091796875
1 0.158203125 0.1416015625 0.0380859375 0.099609375
1 0.099609375 0.1611328125 0.0400390625 0.119140625
1 0.8681640625 0.5830078125 0.0615234375 0.111328125
1 0.9375 0.5986328125 0.05859375 0.0927734375
1 0.87109375 0.525390625 0.037109375 0.076171875