1 0.7587890625 0.1318359375 0.0859375 0.138671875
1 0.8232421875 0.1796875 0.064453125 0.099609375
1 0.7626953125 0.0673828125 0.0546875 0.07421875
1 0.091796875 0.2783203125 0.072265625 0.08984375
1 0.146484375 0.666015625 0.06640625 0.076171875
1 0.0869140625 0.6240234375 0.060546875 0.064453125
1 0.1650390625 0.6416015625 0.046875 0.095703125
1 0.0908203125 0.220703125 0.05859375 0.10546875
1 0.0380859375 0.251953125 0.064453125 0.125
1 0.876953125 0.5048828125 0.083984375 0.12109375
1 0.9482421875 0.505859375 0.076171875 0.103515625
1 0.8681640625 0.447265625 0.052734375 0.08203125