1 0.6279296875 0.26171875 0.068359375 0.099609375
1 0.564453125 0.630859375 0.080078125 0.109375
1 0.28515625 0.2724609375 0.056640625 0.080078125
1 0.537109375 0.70703125 0.080078125 0.09765625
1 0.0537109375 0.8642578125 0.060546875 0.0703125
1 0.1416015625 0.8525390625 0.076171875 0.125
1 0.2744140625 0.2080078125 0.06640625 0.095703125
1 0.2373046875 0.234375 0.05078125 0.076171875
1 0.1181640625 0.83984375 0.0546875 0.115234375
1 0.7646484375 0.900390625 0.181640625 0.19921875
1 0.6455078125 0.9111328125 0.150390625 0.177734375