1 0.5751953125 0.240234375 0.0517578125 0.08984375
1 0.58984375 0.6142578125 0.0615234375 0.099609375
1 0.2421875 0.322265625 0.04296875 0.072265625
1 0.5791015625 0.6953125 0.0634765625 0.0869140625
1 0.1396484375 0.94921875 0.048828125 0.060546875
1 0.22265625 0.9189453125 0.0537109375 0.1162109375
1 0.21875 0.26171875 0.048828125 0.0869140625
1 0.1875 0.294921875 0.037109375 0.0693359375
1 0.197265625 0.912109375 0.033203125 0.1103515625
1 0.849609375 0.8671875 0.1357421875 0.236328125
1 0.732421875 0.8876953125 0.1142578125 0.1884765625