1 0.533203125 0.2314453125 0.064453125 0.09765625
1 0.6064453125 0.5986328125 0.076171875 0.107421875
1 0.2177734375 0.365234375 0.0546875 0.078125
1 0.6083984375 0.6806640625 0.076171875 0.095703125
1 0.21484375 0.982421875 0.05859375 0.03515625
1 0.291015625 0.947265625 0.0703125 0.10546875
1 0.1845703125 0.30859375 0.0625 0.09375
1 0.1591796875 0.3466796875 0.046875 0.07421875
1 0.265625 0.9482421875 0.05078125 0.103515625
1 0.90234375 0.8076171875 0.171875 0.25390625
1 0.7900390625 0.8466796875 0.142578125 0.203125