0 0.65234375 0.3232421875 0.0380859375 0.0693359375
0 0.640625 0.462890625 0.048828125 0.0888671875
0 0.5185546875 0.4287109375 0.048828125 0.087890625
0 0.748046875 0.34765625 0.04296875 0.0732421875
0 0.7177734375 0.298828125 0.0380859375 0.06640625
0 0.6904296875 0.37109375 0.0419921875 0.076171875
0 0.4208984375 0.443359375 0.0498046875 0.087890625
0 0.830078125 0.28515625 0.0390625 0.06640625
0 0.4560546875 0.375 0.044921875 0.078125
0 0.701171875 0.4599609375 0.0478515625 0.087890625
0 0.8681640625 0.3388671875 0.04296875 0.072265625
0 0.7998046875 0.306640625 0.041015625 0.0693359375
0 0.83984375 0.4013671875 0.0478515625 0.080078125