0 0.4033203125 0.6474609375 0.13671875 0.19140625
0 0.66796875 0.8466796875 0.15234375 0.220703125
0 0.478515625 0.41796875 0.111328125 0.162109375
0 0.171875 0.490234375 0.123046875 0.173828125
0 0.3623046875 0.3017578125 0.099609375 0.138671875
0 0.396484375 0.4990234375 0.12109375 0.169921875
0 0.6943359375 0.6552734375 0.13671875 0.193359375
0 0.314453125 0.6171875 0.12890625 0.18359375
0 0.13671875 0.353515625 0.1015625 0.1484375
0 0.2265625 0.166015625 0.08984375 0.1328125
0 0.537109375 0.9248046875 0.140625 0.150390625