0 0.3857421875 0.748046875 0.109375 0.185546875
0 0.525390625 0.7373046875 0.10546875 0.181640625
0 0.443359375 0.3505859375 0.087890625 0.146484375
0 0.3935546875 0.4619140625 0.091796875 0.15625
0 0.333984375 0.3955078125 0.087890625 0.1484375
0 0.541015625 0.3310546875 0.080078125 0.138671875
0 0.271484375 0.234375 0.080078125 0.13671875
0 0.4921875 0.1865234375 0.0703125 0.126953125
0 0.623046875 0.6201171875 0.09375 0.1640625
0 0.29296875 0.1162109375 0.0703125 0.1171875
0 0.4365234375 0.0341796875 0.060546875 0.06640625