0 0.67578125 0.734375 0.15234375 0.212890625
0 0.5546875 0.833984375 0.15625 0.22265625
0 0.41796875 0.5283203125 0.13671875 0.19140625
0 0.4111328125 0.384765625 0.123046875 0.171875
0 0.330078125 0.4951171875 0.12890625 0.18359375
0 0.4921875 0.30859375 0.11328125 0.16015625
0 0.189453125 0.36328125 0.119140625 0.166015625
0 0.375 0.185546875 0.099609375 0.138671875
0 0.7041015625 0.5498046875 0.13671875 0.19140625
0 0.150390625 0.2265625 0.1015625 0.14453125
0 0.2451171875 0.07421875 0.076171875 0.0703125