0 0.6279296875 0.3642578125 0.0390625 0.068359375
0 0.626953125 0.4931640625 0.048828125 0.0888671875
0 0.505859375 0.4482421875 0.0478515625 0.0830078125
0 0.68359375 0.49609375 0.0478515625 0.0859375
0 0.689453125 0.34765625 0.037109375 0.0625
0 0.37890625 0.4169921875 0.0419921875 0.076171875
0 0.41015625 0.453125 0.0478515625 0.0859375
0 0.720703125 0.3974609375 0.041015625 0.072265625
0 0.6689453125 0.4130859375 0.041015625 0.0732421875
0 0.794921875 0.34765625 0.0361328125 0.0634765625
0 0.439453125 0.3916015625 0.04296875 0.0751953125
0 0.83203125 0.4013671875 0.041015625 0.0693359375
0 0.767578125 0.365234375 0.0380859375 0.06640625
0 0.8115234375 0.455078125 0.046875 0.0791015625