0 0.5146484375 0.50390625 0.064453125 0.09765625
0 0.5927734375 0.392578125 0.0546875 0.083984375
0 0.400390625 0.4638671875 0.060546875 0.09375
0 0.7373046875 0.427734375 0.05859375 0.08984375
0 0.6591796875 0.3662109375 0.052734375 0.080078125
0 0.5673828125 0.337890625 0.05078125 0.078125
0 0.275390625 0.44140625 0.056640625 0.087890625
0 0.3515625 0.4013671875 0.0546875 0.083984375
0 0.578125 0.498046875 0.060546875 0.095703125
0 0.6416015625 0.3076171875 0.046875 0.072265625
0 0.759765625 0.2900390625 0.048828125 0.07421875
0 0.7236328125 0.31640625 0.048828125 0.078125
0 0.7822265625 0.353515625 0.05078125 0.078125
0 0.5380859375 0.3837890625 0.05078125 0.080078125