0 0.4423828125 0.53125 0.056640625 0.09375
0 0.2177734375 0.5302734375 0.056640625 0.09375
0 0.6591796875 0.427734375 0.052734375 0.087890625
0 0.55859375 0.3037109375 0.04296875 0.072265625
0 0.5146484375 0.4013671875 0.046875 0.08203125
0 0.50390625 0.5205078125 0.0546875 0.09375
0 0.458984375 0.39453125 0.046875 0.083984375
0 0.6396484375 0.3076171875 0.046875 0.076171875
0 0.4853515625 0.34375 0.046875 0.076171875
0 0.6748046875 0.2744140625 0.04296875 0.0703125
0 0.701171875 0.3408203125 0.046875 0.078125
0 0.5791015625 0.3671875 0.044921875 0.078125
0 0.26953125 0.435546875 0.05078125 0.08203125
0 0.32421875 0.5 0.052734375 0.0859375