0 0.396484375 0.1962890625 0.052734375 0.08984375
0 0.4560546875 0.1865234375 0.048828125 0.08984375
0 0.271484375 0.171875 0.0517578125 0.087890625
0 0.166015625 0.201171875 0.0537109375 0.08984375
0 0.4091796875 0.0419921875 0.04296875 0.0751953125
0 0.5048828125 0.05859375 0.0439453125 0.076171875
0 0.203125 0.1181640625 0.048828125 0.0830078125
0 0.619140625 0.0380859375 0.0419921875 0.0732421875
0 0.5908203125 0.1083984375 0.0458984375 0.0830078125
0 0.447265625 0.08984375 0.044921875 0.08203125
0 0.5546875 0.0224609375 0.0380859375 0.044921875
0 0.4765625 0.021484375 0.037109375 0.04296875
0 0.5859375 0.0087890625 0.029296875 0.017578125