0 0.71484375 0.3310546875 0.060546875 0.080078125
0 0.68359375 0.3017578125 0.0546875 0.080078125
0 0.6337890625 0.3994140625 0.0703125 0.103515625
0 0.5146484375 0.3720703125 0.06640625 0.09765625
0 0.3876953125 0.35546875 0.060546875 0.08984375
0 0.7822265625 0.3193359375 0.060546875 0.083984375
0 0.69921875 0.3974609375 0.0703125 0.103515625
0 0.84765625 0.291015625 0.056640625 0.080078125
0 0.8857421875 0.2763671875 0.0546875 0.078125
0 0.4658203125 0.333984375 0.060546875 0.087890625
0 0.9150390625 0.3134765625 0.0625 0.087890625
0 0.8671875 0.3583984375 0.06640625 0.09375
0 0.7626953125 0.2763671875 0.048828125 0.0625