0 0.55078125 0.4970703125 0.052734375 0.0947265625
0 0.619140625 0.3740234375 0.0458984375 0.08203125
0 0.61328125 0.482421875 0.05078125 0.0927734375
0 0.431640625 0.4677734375 0.048828125 0.087890625
0 0.5869140625 0.3203125 0.0400390625 0.0712890625
0 0.330078125 0.4990234375 0.0498046875 0.0888671875
0 0.68359375 0.337890625 0.044921875 0.078125
0 0.7783203125 0.24609375 0.041015625 0.0712890625
0 0.5634765625 0.369140625 0.044921875 0.080078125
0 0.66015625 0.2802734375 0.0400390625 0.0693359375
0 0.3798828125 0.4111328125 0.0439453125 0.078125
0 0.744140625 0.2802734375 0.0439453125 0.076171875
0 0.80859375 0.30859375 0.044921875 0.0751953125
0 0.7685546875 0.3916015625 0.048828125 0.0830078125