0 0.4375 0.33984375 0.041015625 0.0703125
0 0.423828125 0.4423828125 0.0546875 0.091796875
0 0.474609375 0.3623046875 0.044921875 0.0703125
0 0.607421875 0.28515625 0.0390625 0.068359375
0 0.203125 0.4658203125 0.0546875 0.08984375
0 0.240234375 0.408203125 0.046875 0.080078125
0 0.615234375 0.365234375 0.046875 0.080078125
0 0.5302734375 0.341796875 0.04296875 0.072265625
0 0.5009765625 0.3115234375 0.037109375 0.06640625
0 0.4833984375 0.427734375 0.052734375 0.08984375
0 0.6416015625 0.3173828125 0.041015625 0.0703125
0 0.3037109375 0.4384765625 0.048828125 0.083984375
0 0.578125 0.3056640625 0.0390625 0.06640625