0 0.369140625 0.4853515625 0.109375 0.1845703125
0 0.3896484375 0.34765625 0.0966796875 0.154296875
0 0.27734375 0.451171875 0.1005859375 0.181640625
0 0.388671875 0.1669921875 0.0791015625 0.1259765625
0 0.48828125 0.2841796875 0.087890625 0.1572265625
0 0.1552734375 0.32421875 0.09765625 0.16015625
0 0.673828125 0.515625 0.109375 0.1875
0 0.142578125 0.19140625 0.080078125 0.134765625
0 0.2734375 0.0517578125 0.0703125 0.103515625
0 0.611328125 0.6923828125 0.1240234375 0.212890625
0 0.458984375 0.791015625 0.125 0.2236328125