0 0.3291015625 0.814453125 0.17578125 0.25390625
0 0.3291015625 0.4697265625 0.146484375 0.208984375
0 0.4931640625 0.7548828125 0.16796875 0.2421875
0 0.384765625 0.3251953125 0.1328125 0.181640625
0 0.251953125 0.400390625 0.142578125 0.2109375
0 0.6005859375 0.5908203125 0.146484375 0.2109375
0 0.171875 0.2236328125 0.138671875 0.1953125
0 0.4375 0.12890625 0.107421875 0.15234375
0 0.498046875 0.2890625 0.12109375 0.1796875
0 0.1953125 0.07421875 0.10546875 0.1484375
0 0.357421875 0.0126953125 0.08203125 0.025390625