0 0.5537109375 0.7939453125 0.134765625 0.19921875
0 0.41015625 0.8203125 0.138671875 0.208984375
0 0.4765625 0.3623046875 0.107421875 0.16015625
0 0.5302734375 0.1689453125 0.08984375 0.13671875
0 0.4228515625 0.4912109375 0.119140625 0.173828125
0 0.3623046875 0.41796875 0.119140625 0.173828125
0 0.298828125 0.2314453125 0.107421875 0.15625
0 0.578125 0.3349609375 0.1015625 0.15234375
0 0.6552734375 0.650390625 0.119140625 0.177734375
0 0.32421875 0.0947265625 0.09375 0.140625
0 0.470703125 0.0166015625 0.06640625 0.033203125