0 0.6240234375 0.4677734375 0.05078125 0.087890625
0 0.625 0.3388671875 0.0390625 0.06640625
0 0.50390625 0.42578125 0.048828125 0.08203125
0 0.6826171875 0.470703125 0.05078125 0.0859375
0 0.3759765625 0.39453125 0.046875 0.080078125
0 0.6865234375 0.3212890625 0.0390625 0.0625
0 0.666015625 0.3876953125 0.041015625 0.072265625
0 0.408203125 0.431640625 0.05078125 0.0859375
0 0.71875 0.3701171875 0.04296875 0.072265625
0 0.830078125 0.3720703125 0.04296875 0.0703125
0 0.7646484375 0.337890625 0.041015625 0.06640625
0 0.4375 0.369140625 0.044921875 0.076171875
0 0.8095703125 0.4267578125 0.046875 0.080078125