0 0.5224609375 0.4521484375 0.0703125 0.1015625
0 0.5732421875 0.3564453125 0.052734375 0.078125
0 0.6474609375 0.34765625 0.05078125 0.076171875
0 0.6005859375 0.3916015625 0.05859375 0.080078125
0 0.5849609375 0.458984375 0.06640625 0.099609375
0 0.7626953125 0.3525390625 0.05078125 0.076171875
0 0.4072265625 0.412109375 0.06640625 0.095703125
0 0.7861328125 0.3955078125 0.056640625 0.080078125
0 0.302734375 0.41015625 0.06640625 0.09765625
0 0.359375 0.3662109375 0.05859375 0.083984375
0 0.7265625 0.365234375 0.0546875 0.080078125
0 0.7421875 0.435546875 0.0625 0.08984375