0 0.58984375 0.458984375 0.05859375 0.083984375
0 0.6337890625 0.375 0.052734375 0.072265625
0 0.6494140625 0.439453125 0.05859375 0.080078125
0 0.576171875 0.5673828125 0.06640625 0.09375
0 0.7177734375 0.515625 0.0625 0.0859375
0 0.5654296875 0.3974609375 0.052734375 0.07421875
0 0.310546875 0.5087890625 0.06640625 0.09375
0 0.708984375 0.3984375 0.056640625 0.078125
0 0.41015625 0.50390625 0.06640625 0.091796875
0 0.7421875 0.3759765625 0.05078125 0.0703125
0 0.7607421875 0.4453125 0.056640625 0.078125
0 0.2900390625 0.462890625 0.060546875 0.083984375
0 0.517578125 0.564453125 0.064453125 0.08984375
0 0.3642578125 0.4306640625 0.056640625 0.080078125