0 0.60546875 0.3173828125 0.052734375 0.078125
0 0.6044921875 0.416015625 0.0625 0.091796875
0 0.6591796875 0.4189453125 0.060546875 0.091796875
0 0.6572265625 0.3359375 0.052734375 0.078125
0 0.3662109375 0.3193359375 0.05859375 0.0859375
0 0.6884765625 0.271484375 0.046875 0.068359375
0 0.3935546875 0.3603515625 0.0625 0.09375
0 0.4892578125 0.361328125 0.056640625 0.0859375
0 0.7138671875 0.3232421875 0.05078125 0.076171875
0 0.763671875 0.2939453125 0.05078125 0.07421875
0 0.8232421875 0.3349609375 0.05078125 0.07421875
0 0.79296875 0.38671875 0.056640625 0.083984375
0 0.4326171875 0.2998046875 0.052734375 0.080078125