0 0.4541015625 0.8154296875 0.125 0.193359375
0 0.3154296875 0.86328125 0.130859375 0.201171875
0 0.2783203125 0.55859375 0.111328125 0.16796875
0 0.2060546875 0.5029296875 0.109375 0.16796875
0 0.533203125 0.6669921875 0.109375 0.171875
0 0.408203125 0.3935546875 0.091796875 0.146484375
0 0.3125 0.431640625 0.099609375 0.15234375
0 0.3359375 0.25390625 0.08203125 0.130859375
0 0.115234375 0.3447265625 0.103515625 0.150390625
0 0.1611328125 0.2744140625 0.09375 0.142578125
0 0.25 0.0830078125 0.07421875 0.1171875