0 0.599609375 0.232421875 0.0546875 0.07421875
0 0.5595703125 0.2216796875 0.05078125 0.078125
0 0.623046875 0.177734375 0.048828125 0.07421875
0 0.65625 0.2001953125 0.056640625 0.08203125
0 0.7333984375 0.1259765625 0.048828125 0.07421875
0 0.6142578125 0.2998046875 0.0625 0.095703125
0 0.4326171875 0.345703125 0.0625 0.09375
0 0.5556640625 0.32421875 0.064453125 0.09765625
0 0.3701171875 0.3310546875 0.056640625 0.0859375
0 0.3076171875 0.380859375 0.0546875 0.0859375
0 0.705078125 0.15234375 0.052734375 0.078125
0 0.7734375 0.1484375 0.056640625 0.08203125
0 0.75 0.201171875 0.060546875 0.091796875