0 0.4697265625 0.896484375 0.11328125 0.1982421875
0 0.609375 0.818359375 0.111328125 0.1962890625
0 0.423828125 0.4208984375 0.087890625 0.15234375
0 0.4326171875 0.2197265625 0.0732421875 0.1259765625
0 0.3212890625 0.515625 0.095703125 0.16796875
0 0.4013671875 0.56640625 0.1005859375 0.1748046875
0 0.2109375 0.359375 0.087890625 0.15234375
0 0.6767578125 0.6435546875 0.09765625 0.1708984375
0 0.51953125 0.3642578125 0.08203125 0.1474609375
0 0.205078125 0.2177734375 0.0751953125 0.1337890625
0 0.330078125 0.056640625 0.0654296875 0.1123046875