0 0.4951171875 0.4580078125 0.0498046875 0.0888671875
0 0.55078125 0.330078125 0.04296875 0.076171875
0 0.5537109375 0.4462890625 0.0478515625 0.087890625
0 0.607421875 0.29296875 0.041015625 0.072265625
0 0.3759765625 0.421875 0.046875 0.0849609375
0 0.31640625 0.357421875 0.044921875 0.0791015625
0 0.27734375 0.453125 0.05078125 0.0888671875
0 0.5146484375 0.2705078125 0.0390625 0.0693359375
0 0.66015625 0.2353515625 0.0390625 0.0712890625
0 0.5810546875 0.2314453125 0.037109375 0.068359375
0 0.69140625 0.2021484375 0.0400390625 0.068359375
0 0.7236328125 0.271484375 0.041015625 0.0712890625
0 0.49609375 0.3232421875 0.041015625 0.0732421875
0 0.69140625 0.357421875 0.046875 0.0830078125