0 0.4306640625 0.3681640625 0.044921875 0.076171875
0 0.46875 0.3896484375 0.048828125 0.072265625
0 0.421875 0.470703125 0.05859375 0.095703125
0 0.48046875 0.455078125 0.056640625 0.09375
0 0.5966796875 0.30859375 0.04296875 0.068359375
0 0.5234375 0.3671875 0.046875 0.07421875
0 0.6318359375 0.33984375 0.046875 0.076171875
0 0.236328125 0.4443359375 0.05078125 0.078125
0 0.2001953125 0.50390625 0.05859375 0.09375
0 0.4931640625 0.337890625 0.041015625 0.068359375
0 0.30078125 0.47265625 0.0546875 0.0859375
0 0.568359375 0.330078125 0.04296875 0.068359375
0 0.609375 0.3876953125 0.05078125 0.08203125