0 0.603515625 0.46875 0.05078125 0.0927734375
0 0.6103515625 0.34765625 0.0390625 0.0693359375
0 0.6513671875 0.37890625 0.044921875 0.080078125
0 0.4794921875 0.46484375 0.048828125 0.087890625
0 0.7080078125 0.34765625 0.0419921875 0.0732421875
0 0.6640625 0.453125 0.05078125 0.08984375
0 0.787109375 0.27734375 0.041015625 0.068359375
0 0.380859375 0.4990234375 0.05078125 0.08984375
0 0.67578125 0.3125 0.037109375 0.06640625
0 0.7578125 0.302734375 0.0400390625 0.0693359375
0 0.826171875 0.31640625 0.04296875 0.0732421875
0 0.8017578125 0.3740234375 0.0478515625 0.080078125
0 0.4150390625 0.431640625 0.044921875 0.078125