0 0.4912109375 0.7880859375 0.1318359375 0.234375
0 0.40625 0.361328125 0.099609375 0.154296875
0 0.640625 0.6806640625 0.126953125 0.2197265625
0 0.505859375 0.2978515625 0.0888671875 0.1572265625
0 0.390625 0.4990234375 0.107421875 0.1845703125
0 0.2978515625 0.47265625 0.099609375 0.1806640625
0 0.171875 0.3603515625 0.09765625 0.1650390625
0 0.4033203125 0.193359375 0.0791015625 0.1259765625
0 0.1572265625 0.236328125 0.0771484375 0.1279296875
0 0.69921875 0.505859375 0.1103515625 0.1904296875
0 0.28515625 0.0869140625 0.0693359375 0.1259765625