0 0.44921875 0.33984375 0.0380859375 0.0693359375
0 0.4326171875 0.44140625 0.0517578125 0.091796875
0 0.3115234375 0.43359375 0.0498046875 0.0849609375
0 0.4853515625 0.3642578125 0.04296875 0.068359375
0 0.2099609375 0.4580078125 0.05078125 0.0888671875
0 0.513671875 0.314453125 0.0361328125 0.0654296875
0 0.541015625 0.3466796875 0.041015625 0.0712890625
0 0.4921875 0.4306640625 0.048828125 0.0888671875
0 0.6201171875 0.29296875 0.0361328125 0.0634765625
0 0.25 0.40234375 0.04296875 0.0751953125
0 0.65234375 0.326171875 0.0390625 0.0693359375
0 0.625 0.373046875 0.044921875 0.0791015625
0 0.5908203125 0.3115234375 0.0380859375 0.068359375