0 0.421875 0.4677734375 0.052734375 0.091796875
0 0.5419921875 0.3759765625 0.04296875 0.0732421875
0 0.30078125 0.453125 0.0517578125 0.0888671875
0 0.44921875 0.3642578125 0.0380859375 0.0712890625
0 0.4833984375 0.392578125 0.044921875 0.068359375
0 0.658203125 0.3642578125 0.0419921875 0.072265625
0 0.484375 0.4599609375 0.05078125 0.08984375
0 0.626953125 0.326171875 0.037109375 0.06640625
0 0.1953125 0.4716796875 0.052734375 0.08984375
0 0.240234375 0.4169921875 0.044921875 0.0751953125
0 0.595703125 0.3447265625 0.0390625 0.0693359375
0 0.6259765625 0.408203125 0.046875 0.0830078125