0 0.595703125 0.4306640625 0.064453125 0.083984375
0 0.2744140625 0.40625 0.06640625 0.091796875
0 0.5712890625 0.3955078125 0.0546875 0.080078125
0 0.66015625 0.4287109375 0.060546875 0.08203125
0 0.7353515625 0.48046875 0.072265625 0.095703125
0 0.5107421875 0.4912109375 0.072265625 0.099609375
0 0.763671875 0.3994140625 0.0546875 0.07421875
0 0.7822265625 0.4443359375 0.060546875 0.08203125
0 0.3974609375 0.4443359375 0.068359375 0.09375
0 0.3544921875 0.3955078125 0.0625 0.0859375
0 0.5732421875 0.498046875 0.0703125 0.1015625
0 0.724609375 0.4091796875 0.056640625 0.078125
0 0.6494140625 0.376953125 0.046875 0.052734375