0 0.5361328125 0.5419921875 0.052734375 0.095703125
0 0.60546875 0.4619140625 0.0478515625 0.076171875
0 0.4140625 0.5263671875 0.0517578125 0.091796875
0 0.2861328125 0.521484375 0.044921875 0.0849609375
0 0.5732421875 0.4326171875 0.0390625 0.0732421875
0 0.6689453125 0.4423828125 0.044921875 0.076171875
0 0.763671875 0.3876953125 0.0390625 0.0693359375
0 0.599609375 0.533203125 0.0517578125 0.0947265625
0 0.7939453125 0.42578125 0.044921875 0.076171875
0 0.728515625 0.408203125 0.041015625 0.072265625
0 0.361328125 0.4912109375 0.0439453125 0.0791015625
0 0.755859375 0.4755859375 0.0498046875 0.0849609375