0 0.759765625 0.3037109375 0.046875 0.0791015625
0 0.66015625 0.2978515625 0.0400390625 0.0732421875
0 0.693359375 0.3232421875 0.044921875 0.072265625
0 0.50390625 0.392578125 0.0498046875 0.08984375
0 0.6259765625 0.4052734375 0.052734375 0.095703125
0 0.8203125 0.265625 0.04296875 0.0732421875
0 0.69140625 0.3955078125 0.052734375 0.0927734375
0 0.8515625 0.330078125 0.052734375 0.0888671875
0 0.4013671875 0.4150390625 0.048828125 0.091796875
0 0.85546875 0.244140625 0.041015625 0.0693359375
0 0.890625 0.2802734375 0.0478515625 0.078125
0 0.44921875 0.3603515625 0.04296875 0.0791015625