0 0.57421875 0.408203125 0.0458984375 0.0751953125
0 0.2578125 0.4677734375 0.0458984375 0.0830078125
0 0.5419921875 0.380859375 0.037109375 0.072265625
0 0.63671875 0.3896484375 0.04296875 0.0732421875
0 0.72265625 0.419921875 0.05078125 0.0859375
0 0.5078125 0.4892578125 0.05078125 0.08984375
0 0.728515625 0.3349609375 0.0390625 0.06640625
0 0.7578125 0.373046875 0.04296875 0.0732421875
0 0.38671875 0.47265625 0.0478515625 0.0849609375
0 0.33203125 0.4365234375 0.04296875 0.078125
0 0.5703125 0.4794921875 0.048828125 0.091796875
0 0.693359375 0.3544921875 0.0390625 0.0712890625
0 0.6123046875 0.3427734375 0.0361328125 0.0458984375