0 0.419921875 0.8369140625 0.125 0.201171875
0 0.55859375 0.7978515625 0.119140625 0.189453125
0 0.4462890625 0.3759765625 0.095703125 0.154296875
0 0.484375 0.1806640625 0.08203125 0.130859375
0 0.4033203125 0.5078125 0.10546875 0.166015625
0 0.3388671875 0.4404296875 0.1015625 0.162109375
0 0.2578125 0.259765625 0.095703125 0.150390625
0 0.54296875 0.3408203125 0.08984375 0.146484375
0 0.6474609375 0.6494140625 0.107421875 0.171875
0 0.271484375 0.1220703125 0.083984375 0.13671875
0 0.4091796875 0.0234375 0.064453125 0.046875