0 0.515625 0.3544921875 0.0400390625 0.0732421875
0 0.48828125 0.4580078125 0.052734375 0.091796875
0 0.5498046875 0.4521484375 0.05078125 0.0927734375
0 0.6982421875 0.318359375 0.0380859375 0.0693359375
0 0.5498046875 0.3837890625 0.0439453125 0.0712890625
0 0.609375 0.3671875 0.041015625 0.0732421875
0 0.236328125 0.4306640625 0.044921875 0.0859375
0 0.728515625 0.357421875 0.04296875 0.072265625
0 0.3671875 0.4404296875 0.0478515625 0.0830078125
0 0.3095703125 0.40234375 0.0439453125 0.076171875
0 0.6962890625 0.40234375 0.046875 0.0830078125
0 0.6650390625 0.3369140625 0.0380859375 0.068359375
0 0.583984375 0.322265625 0.029296875 0.044921875