0 0.572265625 0.4423828125 0.041015625 0.0732421875
0 0.59765625 0.544921875 0.052734375 0.095703125
0 0.4130859375 0.5341796875 0.05078125 0.08984375
0 0.6044921875 0.474609375 0.0458984375 0.0732421875
0 0.533203125 0.5517578125 0.0546875 0.0986328125
0 0.359375 0.49609375 0.0458984375 0.080078125
0 0.66796875 0.4560546875 0.044921875 0.076171875
0 0.283203125 0.5263671875 0.0419921875 0.0859375
0 0.79296875 0.4404296875 0.044921875 0.0751953125
0 0.728515625 0.419921875 0.041015625 0.0712890625
0 0.7626953125 0.40234375 0.0400390625 0.0712890625
0 0.75390625 0.4912109375 0.048828125 0.0849609375