0 0.5166015625 0.7490234375 0.099609375 0.1806640625
0 0.376953125 0.7548828125 0.103515625 0.181640625
0 0.619140625 0.6318359375 0.091796875 0.1669921875
0 0.392578125 0.4677734375 0.0869140625 0.15234375
0 0.3359375 0.3984375 0.083984375 0.1474609375
0 0.4453125 0.3564453125 0.080078125 0.140625
0 0.5439453125 0.3408203125 0.076171875 0.1376953125
0 0.27734375 0.2333984375 0.076171875 0.1337890625
0 0.498046875 0.1923828125 0.0673828125 0.1240234375
0 0.33203125 0.1767578125 0.0703125 0.1279296875
0 0.447265625 0.03515625 0.05859375 0.0703125