0 0.5400390625 0.5166015625 0.07421875 0.103515625
0 0.6044921875 0.52734375 0.07421875 0.103515625
0 0.4296875 0.466796875 0.0703125 0.09765625
0 0.6298828125 0.4599609375 0.064453125 0.0859375
0 0.6064453125 0.421875 0.052734375 0.078125
0 0.3876953125 0.4150390625 0.0625 0.087890625
0 0.6953125 0.4599609375 0.060546875 0.0859375
0 0.306640625 0.42578125 0.05859375 0.087890625
0 0.8017578125 0.4326171875 0.052734375 0.076171875
0 0.822265625 0.4775390625 0.060546875 0.0859375
0 0.7626953125 0.4423828125 0.056640625 0.080078125
0 0.771484375 0.515625 0.068359375 0.095703125