0 0.611328125 0.4375 0.0546875 0.091796875
0 0.6201171875 0.306640625 0.04296875 0.068359375
0 0.6826171875 0.2919921875 0.041015625 0.06640625
0 0.66796875 0.4404296875 0.0546875 0.087890625
0 0.3974609375 0.390625 0.0546875 0.08984375
0 0.658203125 0.35546875 0.046875 0.076171875
0 0.3671875 0.3544921875 0.048828125 0.080078125
0 0.4921875 0.388671875 0.052734375 0.087890625
0 0.7890625 0.2919921875 0.041015625 0.064453125
0 0.7958984375 0.4013671875 0.052734375 0.08203125
0 0.822265625 0.3486328125 0.044921875 0.072265625
0 0.712890625 0.341796875 0.044921875 0.07421875
0 0.431640625 0.3310546875 0.046875 0.07421875