0 0.5771484375 0.7802734375 0.107421875 0.185546875
0 0.40234375 0.4990234375 0.09765625 0.1640625
0 0.4404296875 0.826171875 0.111328125 0.1953125
0 0.33203125 0.4375 0.09375 0.162109375
0 0.4375 0.365234375 0.0859375 0.1484375
0 0.4609375 0.1689453125 0.07421875 0.126953125
0 0.23828125 0.2626953125 0.08984375 0.146484375
0 0.53125 0.326171875 0.080078125 0.142578125
0 0.654296875 0.6259765625 0.095703125 0.166015625
0 0.244140625 0.123046875 0.07421875 0.134765625
0 0.3759765625 0.01953125 0.060546875 0.0390625