0 0.451171875 0.4873046875 0.05859375 0.09375
0 0.513671875 0.482421875 0.05859375 0.09375
0 0.2314453125 0.458984375 0.060546875 0.095703125
0 0.498046875 0.296875 0.048828125 0.076171875
0 0.3359375 0.4384765625 0.056640625 0.091796875
0 0.6513671875 0.2763671875 0.046875 0.076171875
0 0.685546875 0.24609375 0.044921875 0.072265625
0 0.5712890625 0.2646484375 0.04296875 0.0703125
0 0.2841796875 0.3642578125 0.0546875 0.08203125
0 0.525390625 0.361328125 0.05078125 0.08203125
0 0.5888671875 0.33203125 0.046875 0.076171875
0 0.7080078125 0.3203125 0.046875 0.076171875
0 0.6650390625 0.4033203125 0.0546875 0.0859375
0 0.470703125 0.349609375 0.046875 0.080078125