0 0.5634765625 0.865234375 0.1328125 0.20703125
0 0.453125 0.4365234375 0.107421875 0.16015625
0 0.4931640625 0.2373046875 0.08984375 0.13671875
0 0.5517578125 0.396484375 0.099609375 0.154296875
0 0.40625 0.5751953125 0.12109375 0.181640625
0 0.2607421875 0.3330078125 0.103515625 0.158203125
0 0.4189453125 0.9013671875 0.134765625 0.189453125
0 0.3388671875 0.5087890625 0.115234375 0.17578125
0 0.65625 0.705078125 0.1171875 0.1796875
0 0.2763671875 0.193359375 0.08984375 0.140625
0 0.4228515625 0.056640625 0.080078125 0.11328125