0 0.54296875 0.5068359375 0.0537109375 0.0947265625
0 0.607421875 0.5029296875 0.0537109375 0.0947265625
0 0.423828125 0.4833984375 0.05078125 0.0888671875
0 0.6171875 0.431640625 0.0478515625 0.078125
0 0.5859375 0.400390625 0.0380859375 0.072265625
0 0.37109375 0.4423828125 0.044921875 0.0791015625
0 0.681640625 0.4169921875 0.044921875 0.078125
0 0.294921875 0.470703125 0.0419921875 0.080078125
0 0.779296875 0.3662109375 0.0390625 0.0693359375
0 0.80859375 0.4052734375 0.044921875 0.078125
0 0.7431640625 0.384765625 0.0419921875 0.072265625
0 0.767578125 0.4541015625 0.0498046875 0.0859375