0 0.5556640625 0.7431640625 0.126953125 0.193359375
0 0.41796875 0.7705078125 0.130859375 0.1953125
0 0.638671875 0.611328125 0.1171875 0.1796875
0 0.388671875 0.4853515625 0.109375 0.1640625
0 0.322265625 0.42578125 0.10546875 0.158203125
0 0.423828125 0.3671875 0.1015625 0.15234375
0 0.5185546875 0.3359375 0.09765625 0.1484375
0 0.23828125 0.271484375 0.095703125 0.14453125
0 0.4501953125 0.1962890625 0.0859375 0.1328125
0 0.283203125 0.20703125 0.08984375 0.13671875
0 0.375 0.048828125 0.068359375 0.078125