0 0.6298828125 0.359375 0.0400390625 0.0693359375
0 0.5087890625 0.4423828125 0.0458984375 0.08203125
0 0.3818359375 0.41015625 0.0439453125 0.076171875
0 0.6923828125 0.3427734375 0.037109375 0.0634765625
0 0.671875 0.4072265625 0.041015625 0.0732421875
0 0.6875 0.4892578125 0.048828125 0.0849609375
0 0.7255859375 0.392578125 0.0400390625 0.0712890625
0 0.771484375 0.359375 0.041015625 0.068359375
0 0.6298828125 0.4892578125 0.0458984375 0.0830078125
0 0.8359375 0.3955078125 0.041015625 0.0693359375
0 0.4140625 0.4462890625 0.0478515625 0.0849609375
0 0.814453125 0.4501953125 0.046875 0.080078125
0 0.443359375 0.3857421875 0.041015625 0.0732421875