0 0.4599609375 0.525390625 0.072265625 0.1015625
0 0.3525390625 0.462890625 0.0703125 0.09765625
0 0.244140625 0.4716796875 0.072265625 0.1015625
0 0.62109375 0.3828125 0.060546875 0.0859375
0 0.5546875 0.4072265625 0.0625 0.087890625
0 0.6142578125 0.3125 0.0546875 0.076171875
0 0.7314453125 0.30859375 0.0546875 0.078125
0 0.53515625 0.3408203125 0.0546875 0.080078125
0 0.6884765625 0.46484375 0.06640625 0.09375
0 0.5009765625 0.3857421875 0.060546875 0.087890625
0 0.6923828125 0.3359375 0.052734375 0.076171875
0 0.5224609375 0.52734375 0.0703125 0.1015625
0 0.3115234375 0.3828125 0.0625 0.087890625
0 0.744140625 0.384765625 0.05859375 0.08203125