0 0.455078125 0.4892578125 0.0498046875 0.0888671875
0 0.515625 0.4775390625 0.048828125 0.08984375
0 0.4794921875 0.2958984375 0.041015625 0.072265625
0 0.572265625 0.3212890625 0.0419921875 0.0732421875
0 0.3359375 0.4501953125 0.05078125 0.0888671875
0 0.234375 0.4794921875 0.05078125 0.0888671875
0 0.6279296875 0.2626953125 0.0400390625 0.072265625
0 0.689453125 0.30078125 0.0419921875 0.0732421875
0 0.548828125 0.2587890625 0.037109375 0.06640625
0 0.6591796875 0.23046875 0.037109375 0.06640625
0 0.513671875 0.357421875 0.0419921875 0.076171875
0 0.2763671875 0.3828125 0.04296875 0.076171875
0 0.458984375 0.349609375 0.041015625 0.076171875
0 0.65625 0.38671875 0.044921875 0.08203125