0 0.439453125 0.8193359375 0.1044921875 0.1884765625
0 0.576171875 0.7841796875 0.103515625 0.181640625
0 0.4091796875 0.501953125 0.09375 0.16015625
0 0.4462890625 0.3740234375 0.0830078125 0.14453125
0 0.47265625 0.1865234375 0.0693359375 0.125
0 0.541015625 0.3408203125 0.078125 0.1376953125
0 0.25390625 0.2646484375 0.080078125 0.140625
0 0.341796875 0.4384765625 0.083984375 0.15234375
0 0.65625 0.640625 0.091796875 0.1611328125
0 0.2607421875 0.130859375 0.0703125 0.125
0 0.392578125 0.029296875 0.060546875 0.05859375