0 0.677734375 0.302734375 0.046875 0.0703125
0 0.7099609375 0.255859375 0.04296875 0.072265625
0 0.6416015625 0.27734375 0.041015625 0.0703125
0 0.6162109375 0.375 0.056640625 0.095703125
0 0.828125 0.2392578125 0.04296875 0.0703125
0 0.794921875 0.255859375 0.044921875 0.07421875
0 0.7392578125 0.2880859375 0.046875 0.076171875
0 0.3623046875 0.3544921875 0.046875 0.08203125
0 0.6796875 0.3681640625 0.0546875 0.091796875
0 0.865234375 0.2724609375 0.048828125 0.078125
0 0.43359375 0.3271484375 0.05078125 0.08203125
0 0.4921875 0.3603515625 0.052734375 0.087890625
0 0.8310546875 0.31640625 0.0546875 0.087890625