0 0.708984375 0.3369140625 0.05859375 0.076171875
0 0.75 0.2958984375 0.0546875 0.078125
0 0.677734375 0.3056640625 0.05078125 0.076171875
0 0.6357421875 0.3974609375 0.072265625 0.1015625
0 0.869140625 0.30078125 0.052734375 0.076171875
0 0.8330078125 0.3115234375 0.056640625 0.078125
0 0.7724609375 0.33203125 0.05859375 0.08203125
0 0.3896484375 0.3330078125 0.060546875 0.087890625
0 0.7001953125 0.40234375 0.068359375 0.099609375
0 0.8984375 0.33984375 0.060546875 0.083984375
0 0.46484375 0.318359375 0.0625 0.087890625
0 0.5166015625 0.361328125 0.06640625 0.09375
0 0.8583984375 0.3759765625 0.068359375 0.09375