0 0.5107421875 0.517578125 0.068359375 0.099609375
0 0.5625 0.359375 0.0546875 0.080078125
0 0.3974609375 0.4736328125 0.064453125 0.095703125
0 0.2939453125 0.4892578125 0.068359375 0.099609375
0 0.65234375 0.388671875 0.056640625 0.08203125
0 0.5732421875 0.513671875 0.064453125 0.099609375
0 0.751953125 0.3193359375 0.052734375 0.07421875
0 0.7275390625 0.451171875 0.0625 0.08984375
0 0.63671875 0.3330078125 0.048828125 0.0703125
0 0.5888671875 0.4130859375 0.0546875 0.08203125
0 0.7158203125 0.34375 0.052734375 0.078125
0 0.34765625 0.412109375 0.05859375 0.0859375
0 0.7734375 0.3818359375 0.0546875 0.078125