0 0.345703125 0.8037109375 0.1240234375 0.22265625
0 0.501953125 0.724609375 0.119140625 0.205078125
0 0.34375 0.4990234375 0.08984375 0.1484375
0 0.4423828125 0.447265625 0.0810546875 0.1474609375
0 0.2265625 0.5830078125 0.087890625 0.1650390625
0 0.369140625 0.380859375 0.0712890625 0.1240234375
0 0.1396484375 0.505859375 0.08984375 0.1484375
0 0.1455078125 0.4013671875 0.064453125 0.0830078125
0 0.2861328125 0.306640625 0.060546875 0.1083984375
0 0.5830078125 0.5966796875 0.1015625 0.181640625
0 0.671875 0.21484375 0.033203125 0.0302734375