0 0.6328125 0.484375 0.048828125 0.087890625
0 0.6337890625 0.3544921875 0.037109375 0.0654296875
0 0.5107421875 0.439453125 0.046875 0.08203125
0 0.6748046875 0.40234375 0.0419921875 0.0751953125
0 0.4169921875 0.44140625 0.0478515625 0.0859375
0 0.728515625 0.3876953125 0.041015625 0.072265625
0 0.6904296875 0.486328125 0.0478515625 0.0859375
0 0.384765625 0.4052734375 0.044921875 0.078125
0 0.6953125 0.3388671875 0.0361328125 0.0634765625
0 0.8017578125 0.337890625 0.0361328125 0.0625
0 0.83984375 0.3916015625 0.041015625 0.0693359375
0 0.818359375 0.4462890625 0.0458984375 0.078125
0 0.4462890625 0.3828125 0.041015625 0.0732421875