0 0.5712890625 0.1953125 0.041015625 0.0732421875
0 0.6103515625 0.2509765625 0.0439453125 0.076171875
0 0.5615234375 0.3525390625 0.048828125 0.08984375
0 0.310546875 0.27734375 0.04296875 0.0791015625
0 0.666015625 0.228515625 0.0419921875 0.0732421875
0 0.63671875 0.171875 0.037109375 0.0654296875
0 0.341796875 0.3173828125 0.048828125 0.087890625
0 0.78125 0.224609375 0.041015625 0.0712890625
0 0.619140625 0.349609375 0.0478515625 0.0859375
0 0.439453125 0.306640625 0.044921875 0.08203125
0 0.7158203125 0.185546875 0.0380859375 0.068359375
0 0.74609375 0.162109375 0.0380859375 0.0654296875
0 0.376953125 0.2431640625 0.0419921875 0.0751953125
0 0.7529296875 0.2919921875 0.044921875 0.0791015625