0 0.5771484375 0.4384765625 0.0419921875 0.076171875
0 0.599609375 0.3466796875 0.037109375 0.0654296875
0 0.630859375 0.4052734375 0.0419921875 0.072265625
0 0.58984375 0.546875 0.0478515625 0.0849609375
0 0.71484375 0.462890625 0.044921875 0.078125
0 0.5390625 0.384765625 0.0380859375 0.06640625
0 0.318359375 0.5546875 0.0478515625 0.0849609375
0 0.677734375 0.3505859375 0.041015625 0.0712890625
0 0.4140625 0.525390625 0.0478515625 0.0830078125
0 0.705078125 0.3212890625 0.037109375 0.0634765625
0 0.740234375 0.3837890625 0.041015625 0.0712890625
0 0.287109375 0.5146484375 0.0439453125 0.076171875
0 0.533203125 0.55859375 0.0458984375 0.08203125
0 0.3515625 0.4658203125 0.041015625 0.0732421875