0 0.439453125 0.4697265625 0.060546875 0.095703125
0 0.3251953125 0.4150390625 0.060546875 0.09375
0 0.4912109375 0.2822265625 0.05078125 0.080078125
0 0.220703125 0.4306640625 0.0625 0.09375
0 0.5166015625 0.345703125 0.052734375 0.083984375
0 0.2763671875 0.3408203125 0.056640625 0.083984375
0 0.654296875 0.3955078125 0.056640625 0.087890625
0 0.56640625 0.25 0.044921875 0.0703125
0 0.5009765625 0.4677734375 0.060546875 0.095703125
0 0.5810546875 0.3193359375 0.048828125 0.078125
0 0.7001953125 0.3134765625 0.05078125 0.078125
0 0.6796875 0.2392578125 0.046875 0.0703125
0 0.4638671875 0.3310546875 0.05078125 0.080078125
0 0.64453125 0.267578125 0.046875 0.072265625