0 0.5126953125 0.44921875 0.052734375 0.0927734375
0 0.5439453125 0.3447265625 0.0400390625 0.072265625
0 0.615234375 0.322265625 0.0390625 0.0693359375
0 0.578125 0.3740234375 0.044921875 0.072265625
0 0.5751953125 0.443359375 0.0498046875 0.091796875
0 0.7294921875 0.3056640625 0.0390625 0.0693359375
0 0.392578125 0.431640625 0.0498046875 0.087890625
0 0.7607421875 0.3427734375 0.04296875 0.072265625
0 0.2890625 0.44921875 0.05078125 0.08984375
0 0.3369140625 0.3955078125 0.0439453125 0.076171875
0 0.6962890625 0.32421875 0.041015625 0.0732421875
0 0.7255859375 0.390625 0.0478515625 0.08203125