0 0.7275390625 0.298828125 0.046875 0.078125
0 0.61328125 0.408203125 0.0546875 0.091796875
0 0.669921875 0.3173828125 0.048828125 0.08203125
0 0.6142578125 0.30078125 0.046875 0.078125
0 0.6728515625 0.4091796875 0.052734375 0.091796875
0 0.3671875 0.3251953125 0.05078125 0.0859375
0 0.494140625 0.357421875 0.05078125 0.087890625
0 0.8125 0.2412109375 0.04296875 0.0703125
0 0.701171875 0.24609375 0.041015625 0.068359375
0 0.7802734375 0.2626953125 0.044921875 0.07421875
0 0.845703125 0.302734375 0.046875 0.07421875
0 0.814453125 0.365234375 0.05078125 0.08203125
0 0.4345703125 0.296875 0.048828125 0.078125