0 0.6337890625 0.287109375 0.0380859375 0.0732421875
0 0.6728515625 0.30859375 0.044921875 0.0693359375
0 0.490234375 0.3759765625 0.0498046875 0.087890625
0 0.732421875 0.2900390625 0.0439453125 0.0751953125
0 0.8193359375 0.236328125 0.0380859375 0.068359375
0 0.703125 0.2607421875 0.0400390625 0.0693359375
0 0.677734375 0.3720703125 0.05078125 0.091796875
0 0.615234375 0.3837890625 0.05078125 0.08984375
0 0.3603515625 0.3779296875 0.0419921875 0.080078125
0 0.8564453125 0.2685546875 0.044921875 0.076171875
0 0.787109375 0.255859375 0.041015625 0.0693359375
0 0.826171875 0.3115234375 0.0498046875 0.0849609375
0 0.4296875 0.3466796875 0.04296875 0.076171875