0 0.701171875 0.3759765625 0.044921875 0.0791015625
0 0.62890625 0.5185546875 0.05078125 0.0927734375
0 0.4482421875 0.49609375 0.0498046875 0.0888671875
0 0.345703125 0.5224609375 0.0498046875 0.08984375
0 0.60546875 0.35546875 0.04296875 0.0751953125
0 0.787109375 0.43359375 0.0498046875 0.087890625
0 0.828125 0.3525390625 0.046875 0.0791015625
0 0.6796875 0.3173828125 0.0380859375 0.068359375
0 0.763671875 0.3203125 0.04296875 0.0732421875
0 0.63671875 0.41015625 0.044921875 0.080078125
0 0.564453125 0.5302734375 0.0498046875 0.08984375
0 0.3955078125 0.4365234375 0.046875 0.080078125
0 0.7998046875 0.2890625 0.0419921875 0.0693359375
0 0.580078125 0.4033203125 0.0419921875 0.076171875