0 0.259765625 0.5908203125 0.06640625 0.09765625
0 0.4833984375 0.3681640625 0.0546875 0.078125
0 0.3583984375 0.5439453125 0.0625 0.09375
0 0.5244140625 0.423828125 0.056640625 0.0859375
0 0.5400390625 0.5458984375 0.064453125 0.09765625
0 0.46875 0.423828125 0.056640625 0.083984375
0 0.580078125 0.37890625 0.0546875 0.08203125
0 0.2919921875 0.4853515625 0.05859375 0.0859375
0 0.5458984375 0.31640625 0.048828125 0.072265625
0 0.654296875 0.271484375 0.05078125 0.07421875
0 0.6708984375 0.4306640625 0.05859375 0.08984375
0 0.6943359375 0.3388671875 0.0546875 0.08203125
0 0.6279296875 0.3095703125 0.05078125 0.078125
0 0.48046875 0.564453125 0.06640625 0.099609375