0 0.4375 0.8330078125 0.107421875 0.19140625
0 0.572265625 0.7880859375 0.1044921875 0.1845703125
0 0.3232421875 0.4423828125 0.091796875 0.162109375
0 0.44921875 0.171875 0.0703125 0.1279296875
0 0.427734375 0.369140625 0.083984375 0.1474609375
0 0.3955078125 0.505859375 0.091796875 0.16015625
0 0.2294921875 0.2666015625 0.083984375 0.14453125
0 0.521484375 0.330078125 0.0771484375 0.1416015625
0 0.6484375 0.6318359375 0.091796875 0.1640625
0 0.2314453125 0.1259765625 0.07421875 0.1318359375
0 0.3623046875 0.0205078125 0.060546875 0.041015625