0 0.35546875 0.2138671875 0.064453125 0.095703125
0 0.4130859375 0.1953125 0.060546875 0.095703125
0 0.228515625 0.20703125 0.064453125 0.09375
0 0.1279296875 0.2509765625 0.06640625 0.095703125
0 0.3466796875 0.0595703125 0.052734375 0.080078125
0 0.443359375 0.0625 0.0546875 0.08203125
0 0.1533203125 0.1630859375 0.060546875 0.08984375
0 0.5537109375 0.0322265625 0.052734375 0.064453125
0 0.53515625 0.099609375 0.056640625 0.087890625
0 0.390625 0.1015625 0.056640625 0.087890625
0 0.4873046875 0.021484375 0.044921875 0.04296875
0 0.41015625 0.029296875 0.04296875 0.046875
0 0.515625 0.005859375 0.03125 0.01171875