0 0.5908203125 0.220703125 0.060546875 0.078125
0 0.53515625 0.2431640625 0.05859375 0.080078125
0 0.607421875 0.2841796875 0.0703125 0.1015625
0 0.611328125 0.1630859375 0.05078125 0.076171875
0 0.55078125 0.318359375 0.068359375 0.09765625
0 0.3076171875 0.392578125 0.060546875 0.091796875
0 0.7158203125 0.0986328125 0.052734375 0.076171875
0 0.4306640625 0.3486328125 0.06640625 0.09765625
0 0.6884765625 0.1298828125 0.056640625 0.08203125
0 0.7578125 0.119140625 0.060546875 0.0859375
0 0.3681640625 0.33984375 0.05859375 0.083984375
0 0.73828125 0.177734375 0.064453125 0.09375