0 0.490234375 0.8251953125 0.1328125 0.203125
0 0.6201171875 0.7685546875 0.130859375 0.1953125
0 0.41015625 0.5166015625 0.1171875 0.171875
0 0.4267578125 0.3837890625 0.10546875 0.15625
0 0.423828125 0.1943359375 0.087890625 0.134765625
0 0.515625 0.3359375 0.099609375 0.1484375
0 0.2197265625 0.3056640625 0.1015625 0.15234375
0 0.333984375 0.4638671875 0.107421875 0.1640625
0 0.6767578125 0.6142578125 0.115234375 0.173828125
0 0.2060546875 0.1728515625 0.08984375 0.134765625
0 0.3203125 0.0517578125 0.068359375 0.06640625