0 0.578125 0.40234375 0.044921875 0.0732421875
0 0.5126953125 0.4794921875 0.052734375 0.0947265625
0 0.392578125 0.462890625 0.0498046875 0.0859375
0 0.2626953125 0.45703125 0.044921875 0.0830078125
0 0.640625 0.3837890625 0.0439453125 0.0751953125
0 0.546875 0.373046875 0.037109375 0.0712890625
0 0.3369140625 0.4267578125 0.0458984375 0.080078125
0 0.5751953125 0.4697265625 0.05078125 0.0927734375
0 0.76171875 0.3662109375 0.04296875 0.072265625
0 0.7314453125 0.330078125 0.0400390625 0.068359375
0 0.6982421875 0.3486328125 0.041015625 0.072265625
0 0.7265625 0.4150390625 0.0478515625 0.080078125