0 0.5654296875 0.8125 0.13671875 0.205078125
0 0.4091796875 0.5224609375 0.123046875 0.18359375
0 0.45703125 0.384765625 0.109375 0.162109375
0 0.3408203125 0.45703125 0.1171875 0.177734375
0 0.41796875 0.861328125 0.140625 0.216796875
0 0.5 0.185546875 0.091796875 0.134765625
0 0.2626953125 0.28125 0.107421875 0.16015625
0 0.662109375 0.6533203125 0.12109375 0.18359375
0 0.5595703125 0.345703125 0.103515625 0.15625
0 0.28125 0.1396484375 0.09375 0.14453125
0 0.4267578125 0.03125 0.076171875 0.0625