0 0.4423828125 0.4541015625 0.060546875 0.09765625
0 0.3193359375 0.4462890625 0.056640625 0.08984375
0 0.4375 0.37890625 0.05078125 0.078125
0 0.5498046875 0.35546875 0.048828125 0.076171875
0 0.216796875 0.4716796875 0.05859375 0.09375
0 0.4931640625 0.375 0.05078125 0.072265625
0 0.51953125 0.3251953125 0.044921875 0.072265625
0 0.501953125 0.4423828125 0.056640625 0.09375
0 0.2548828125 0.4150390625 0.05078125 0.080078125
0 0.662109375 0.3349609375 0.046875 0.072265625
0 0.6279296875 0.3017578125 0.041015625 0.06640625
0 0.59765625 0.322265625 0.04296875 0.072265625
0 0.63671875 0.3828125 0.05078125 0.08203125