0 0.28515625 0.537109375 0.0546875 0.087890625
0 0.5 0.5625 0.052734375 0.0859375
0 0.5556640625 0.5595703125 0.05078125 0.0859375
0 0.51171875 0.3984375 0.04296875 0.068359375
0 0.6015625 0.427734375 0.044921875 0.072265625
0 0.5478515625 0.4541015625 0.046875 0.076171875
0 0.68359375 0.4921875 0.048828125 0.080078125
0 0.255859375 0.4951171875 0.048828125 0.078125
0 0.3818359375 0.521484375 0.052734375 0.0859375
0 0.6787109375 0.3544921875 0.041015625 0.064453125
0 0.576171875 0.3681640625 0.0390625 0.064453125
0 0.650390625 0.37890625 0.04296875 0.068359375
0 0.3212890625 0.4541015625 0.048828125 0.078125
0 0.7099609375 0.419921875 0.04296875 0.068359375