0 0.53125 0.525390625 0.0546875 0.09765625
0 0.599609375 0.44140625 0.0458984375 0.0751953125
0 0.5673828125 0.4169921875 0.0390625 0.0751953125
0 0.6630859375 0.421875 0.0439453125 0.0791015625
0 0.595703125 0.513671875 0.052734375 0.095703125
0 0.306640625 0.53515625 0.05078125 0.091796875
0 0.3564453125 0.4765625 0.044921875 0.078125
0 0.4111328125 0.5126953125 0.048828125 0.0859375
0 0.787109375 0.400390625 0.044921875 0.076171875
0 0.7568359375 0.36328125 0.041015625 0.068359375
0 0.7509765625 0.44921875 0.05078125 0.0849609375
0 0.7216796875 0.3837890625 0.041015625 0.0712890625