0 0.6005859375 0.3525390625 0.056640625 0.09375
0 0.685546875 0.2255859375 0.04296875 0.07421875
0 0.716796875 0.2529296875 0.046875 0.078125
0 0.65625 0.2744140625 0.046875 0.0703125
0 0.6181640625 0.2548828125 0.0390625 0.07421875
0 0.662109375 0.33984375 0.0546875 0.08984375
0 0.802734375 0.197265625 0.04296875 0.0703125
0 0.4775390625 0.3486328125 0.052734375 0.08984375
0 0.7705078125 0.2177734375 0.04296875 0.072265625
0 0.3466796875 0.35546875 0.046875 0.0859375
0 0.83984375 0.2275390625 0.048828125 0.080078125
0 0.810546875 0.2744140625 0.052734375 0.0859375
0 0.416015625 0.3232421875 0.046875 0.078125