0 0.302734375 0.8427734375 0.107421875 0.1904296875
0 0.306640625 0.537109375 0.091796875 0.1552734375
0 0.4453125 0.8212890625 0.1015625 0.18359375
0 0.357421875 0.416015625 0.0810546875 0.142578125
0 0.4560546875 0.3916015625 0.076171875 0.1357421875
0 0.244140625 0.470703125 0.0859375 0.15234375
0 0.40234375 0.244140625 0.0673828125 0.1240234375
0 0.5439453125 0.6865234375 0.091796875 0.1669921875
0 0.17578125 0.3017578125 0.08203125 0.138671875
0 0.23046875 0.2373046875 0.076171875 0.1337890625
0 0.341796875 0.0615234375 0.060546875 0.1123046875