0 0.48046875 0.578125 0.052734375 0.09375
0 0.3623046875 0.5517578125 0.05078125 0.087890625
0 0.5478515625 0.4423828125 0.046875 0.08203125
0 0.2578125 0.58984375 0.052734375 0.08984375
0 0.515625 0.3876953125 0.04296875 0.07421875
0 0.4921875 0.4404296875 0.046875 0.080078125
0 0.587890625 0.3427734375 0.0390625 0.068359375
0 0.703125 0.3037109375 0.041015625 0.0703125
0 0.732421875 0.3681640625 0.044921875 0.078125
0 0.306640625 0.4912109375 0.046875 0.078125
0 0.609375 0.40234375 0.046875 0.080078125
0 0.669921875 0.337890625 0.04296875 0.07421875
0 0.54296875 0.5615234375 0.048828125 0.08984375
0 0.6943359375 0.4560546875 0.048828125 0.0859375