0 0.5146484375 0.50390625 0.06640625 0.099609375
0 0.5966796875 0.3955078125 0.056640625 0.0859375
0 0.4013671875 0.4609375 0.064453125 0.095703125
0 0.7392578125 0.4365234375 0.060546875 0.091796875
0 0.6640625 0.3720703125 0.0546875 0.08203125
0 0.572265625 0.3408203125 0.052734375 0.078125
0 0.27734375 0.43359375 0.060546875 0.08984375
0 0.35546875 0.396484375 0.056640625 0.0859375
0 0.578125 0.5009765625 0.064453125 0.09765625
0 0.6484375 0.3125 0.048828125 0.07421875
0 0.767578125 0.298828125 0.05078125 0.07421875
0 0.7294921875 0.3251953125 0.052734375 0.078125
0 0.787109375 0.36328125 0.0546875 0.078125
0 0.5419921875 0.384765625 0.052734375 0.08203125