0 0.5078125 0.4755859375 0.0537109375 0.095703125
0 0.5791015625 0.400390625 0.0458984375 0.078125
0 0.5478515625 0.3681640625 0.0400390625 0.0751953125
0 0.38671875 0.453125 0.0498046875 0.0888671875
0 0.28125 0.4697265625 0.052734375 0.08984375
0 0.6435546875 0.3837890625 0.044921875 0.076171875
0 0.5703125 0.4697265625 0.0517578125 0.0947265625
0 0.3330078125 0.4140625 0.044921875 0.078125
0 0.7021484375 0.3505859375 0.0419921875 0.0732421875
0 0.767578125 0.3720703125 0.044921875 0.0751953125
0 0.73828125 0.3330078125 0.0380859375 0.068359375
0 0.728515625 0.419921875 0.048828125 0.0849609375