0 0.58984375 0.44921875 0.0498046875 0.0927734375
0 0.59765625 0.326171875 0.0390625 0.068359375
0 0.4658203125 0.44140625 0.048828125 0.0859375
0 0.650390625 0.43359375 0.0498046875 0.08984375
0 0.3671875 0.474609375 0.0498046875 0.08984375
0 0.6943359375 0.328125 0.0439453125 0.076171875
0 0.638671875 0.359375 0.0419921875 0.076171875
0 0.6630859375 0.2919921875 0.037109375 0.0654296875
0 0.7734375 0.259765625 0.0390625 0.06640625
0 0.8125 0.298828125 0.04296875 0.0732421875
0 0.787109375 0.357421875 0.048828125 0.0830078125
0 0.744140625 0.2841796875 0.0380859375 0.068359375
0 0.40234375 0.4072265625 0.04296875 0.076171875