0 0.5107421875 0.4765625 0.0625 0.1015625
0 0.5888671875 0.4091796875 0.0546875 0.08203125
0 0.5615234375 0.3740234375 0.046875 0.078125
0 0.392578125 0.44140625 0.05859375 0.09375
0 0.28515625 0.447265625 0.0625 0.095703125
0 0.6552734375 0.3994140625 0.052734375 0.080078125
0 0.5732421875 0.4775390625 0.060546875 0.099609375
0 0.3427734375 0.3974609375 0.052734375 0.08203125
0 0.716796875 0.3720703125 0.048828125 0.078125
0 0.779296875 0.400390625 0.052734375 0.080078125
0 0.7548828125 0.3583984375 0.044921875 0.072265625
0 0.7353515625 0.4443359375 0.056640625 0.08984375