0 0.466796875 0.5341796875 0.0517578125 0.0927734375
0 0.34765625 0.4970703125 0.05078125 0.0888671875
0 0.244140625 0.5302734375 0.052734375 0.091796875
0 0.591796875 0.3583984375 0.0439453125 0.078125
0 0.5322265625 0.3974609375 0.044921875 0.080078125
0 0.5693359375 0.2919921875 0.0400390625 0.0693359375
0 0.6826171875 0.26171875 0.0390625 0.0712890625
0 0.498046875 0.3369140625 0.0400390625 0.0732421875
0 0.67578125 0.423828125 0.0478515625 0.0849609375
0 0.4755859375 0.388671875 0.0439453125 0.080078125
0 0.650390625 0.296875 0.0390625 0.0693359375
0 0.5283203125 0.521484375 0.0498046875 0.0927734375
0 0.2900390625 0.427734375 0.0458984375 0.080078125
0 0.7119140625 0.3330078125 0.04296875 0.0751953125