0 0.5380859375 0.478515625 0.068359375 0.1015625
0 0.32421875 0.52734375 0.068359375 0.099609375
0 0.4169921875 0.4755859375 0.064453125 0.095703125
0 0.5390625 0.3046875 0.0546875 0.08203125
0 0.59765625 0.455078125 0.068359375 0.1015625
0 0.6005859375 0.25 0.05078125 0.076171875
0 0.6826171875 0.232421875 0.056640625 0.08203125
0 0.580078125 0.34765625 0.05859375 0.087890625
0 0.7099609375 0.1943359375 0.052734375 0.076171875
0 0.63671875 0.30078125 0.05859375 0.0859375
0 0.3525390625 0.4326171875 0.05859375 0.0859375
0 0.728515625 0.3349609375 0.064453125 0.09375
0 0.525390625 0.3564453125 0.056640625 0.083984375
0 0.751953125 0.248046875 0.05859375 0.083984375