0 0.4169921875 0.115234375 0.0400390625 0.072265625
0 0.4111328125 0.2646484375 0.0498046875 0.08984375
0 0.51171875 0.1298828125 0.041015625 0.0732421875
0 0.1845703125 0.2724609375 0.052734375 0.0888671875
0 0.59765625 0.173828125 0.0439453125 0.0791015625
0 0.2861328125 0.2431640625 0.048828125 0.0830078125
0 0.6220703125 0.107421875 0.041015625 0.0732421875
0 0.4697265625 0.251953125 0.0478515625 0.0849609375
0 0.48046875 0.080078125 0.0380859375 0.0693359375
0 0.4580078125 0.16015625 0.0439453125 0.078125
0 0.1484375 0.23828125 0.048828125 0.0849609375
0 0.5595703125 0.0810546875 0.0390625 0.0712890625
0 0.2177734375 0.1943359375 0.046875 0.078125
0 0.5859375 0.056640625 0.03515625 0.0634765625