0 0.51953125 0.4091796875 0.052734375 0.076171875
0 0.4853515625 0.578125 0.064453125 0.095703125
0 0.54296875 0.5771484375 0.060546875 0.08984375
0 0.3740234375 0.521484375 0.05859375 0.0859375
0 0.3212890625 0.4501953125 0.056640625 0.08203125
0 0.5869140625 0.384765625 0.046875 0.068359375
0 0.2509765625 0.484375 0.060546875 0.08984375
0 0.6923828125 0.3798828125 0.046875 0.06640625
0 0.71484375 0.4482421875 0.052734375 0.07421875
0 0.5498046875 0.470703125 0.05078125 0.078125
0 0.6611328125 0.404296875 0.048828125 0.072265625
0 0.6787109375 0.5205078125 0.056640625 0.08203125
0 0.6064453125 0.4482421875 0.048828125 0.07421875
0 0.275390625 0.5322265625 0.064453125 0.091796875