0 0.634765625 0.484375 0.0498046875 0.091796875
0 0.744140625 0.3662109375 0.0439453125 0.0751953125
0 0.646484375 0.34765625 0.0390625 0.0693359375
0 0.513671875 0.453125 0.048828125 0.0859375
0 0.6865234375 0.390625 0.044921875 0.0791015625
0 0.6962890625 0.4794921875 0.0498046875 0.08984375
0 0.7119140625 0.3203125 0.0380859375 0.0654296875
0 0.8251953125 0.3017578125 0.0400390625 0.068359375
0 0.86328125 0.3544921875 0.04296875 0.0732421875
0 0.416015625 0.4697265625 0.0478515625 0.087890625
0 0.794921875 0.326171875 0.041015625 0.0693359375
0 0.451171875 0.4013671875 0.044921875 0.078125
0 0.8349609375 0.41796875 0.0478515625 0.080078125