0 0.296875 0.5810546875 0.060546875 0.091796875
0 0.5126953125 0.5615234375 0.05859375 0.087890625
0 0.56640625 0.546875 0.056640625 0.087890625
0 0.490234375 0.3974609375 0.048828125 0.0703125
0 0.5849609375 0.408203125 0.048828125 0.07421875
0 0.5380859375 0.4453125 0.05078125 0.078125
0 0.677734375 0.4541015625 0.0546875 0.083984375
0 0.259765625 0.5458984375 0.0546875 0.08203125
0 0.388671875 0.544921875 0.05859375 0.087890625
0 0.64453125 0.3212890625 0.044921875 0.06640625
0 0.546875 0.35546875 0.04296875 0.06640625
0 0.6220703125 0.3505859375 0.046875 0.0703125
0 0.3154296875 0.4921875 0.0546875 0.080078125
0 0.6884765625 0.3779296875 0.048828125 0.0703125