0 0.6865234375 0.2392578125 0.048828125 0.0703125
0 0.5849609375 0.41015625 0.064453125 0.095703125
0 0.5283203125 0.43359375 0.06640625 0.09765625
0 0.56640625 0.345703125 0.0546875 0.078125
0 0.5244140625 0.328125 0.048828125 0.07421875
0 0.5830078125 0.2861328125 0.048828125 0.072265625
0 0.728515625 0.265625 0.0546875 0.078125
0 0.6171875 0.3115234375 0.0546875 0.080078125
0 0.4052734375 0.4521484375 0.0625 0.09375
0 0.3115234375 0.4990234375 0.064453125 0.095703125
0 0.6611328125 0.265625 0.05078125 0.07421875
0 0.33984375 0.43359375 0.056640625 0.08203125
0 0.7109375 0.3193359375 0.060546875 0.087890625