0 0.4580078125 0.4814453125 0.064453125 0.095703125
0 0.51953125 0.48046875 0.064453125 0.09765625
0 0.515625 0.2958984375 0.052734375 0.078125
0 0.6025390625 0.3369140625 0.0546875 0.080078125
0 0.3466796875 0.4228515625 0.06640625 0.095703125
0 0.2421875 0.43359375 0.06640625 0.095703125
0 0.6669921875 0.2880859375 0.052734375 0.078125
0 0.720703125 0.3369140625 0.0546875 0.080078125
0 0.58984375 0.2705078125 0.048828125 0.072265625
0 0.703125 0.26171875 0.048828125 0.072265625
0 0.5380859375 0.3623046875 0.0546875 0.08203125
0 0.2998046875 0.345703125 0.0546875 0.08203125
0 0.4853515625 0.3447265625 0.052734375 0.08203125
0 0.673828125 0.416015625 0.05859375 0.087890625