0 0.4609375 0.53515625 0.056640625 0.091796875
0 0.521484375 0.529296875 0.0546875 0.091796875
0 0.501953125 0.3427734375 0.044921875 0.07421875
0 0.2392578125 0.5126953125 0.056640625 0.091796875
0 0.5947265625 0.3759765625 0.044921875 0.078125
0 0.689453125 0.287109375 0.044921875 0.072265625
0 0.291015625 0.41796875 0.048828125 0.078125
0 0.34375 0.490234375 0.0546875 0.091796875
0 0.5751953125 0.30859375 0.041015625 0.0703125
0 0.5322265625 0.4072265625 0.048828125 0.080078125
0 0.654296875 0.3193359375 0.044921875 0.07421875
0 0.7138671875 0.3603515625 0.044921875 0.07421875
0 0.4765625 0.396484375 0.044921875 0.078125
0 0.6728515625 0.447265625 0.048828125 0.08203125