0 0.62109375 0.78125 0.1103515625 0.193359375
0 0.4814453125 0.8515625 0.11328125 0.205078125
0 0.458984375 0.169921875 0.072265625 0.12890625
0 0.54296875 0.318359375 0.08203125 0.1455078125
0 0.447265625 0.3740234375 0.087890625 0.15234375
0 0.23828125 0.2998046875 0.0869140625 0.150390625
0 0.69140625 0.607421875 0.099609375 0.173828125
0 0.34375 0.46484375 0.091796875 0.1650390625
0 0.419921875 0.517578125 0.095703125 0.1669921875
0 0.2333984375 0.1572265625 0.0751953125 0.134765625
0 0.359375 0.0283203125 0.0654296875 0.056640625