0 0.43359375 0.486328125 0.052734375 0.091796875
0 0.208984375 0.484375 0.0546875 0.08984375
0 0.5625 0.31640625 0.0439453125 0.0791015625
0 0.4677734375 0.294921875 0.04296875 0.0751953125
0 0.3134765625 0.4521484375 0.05078125 0.087890625
0 0.49609375 0.4736328125 0.0498046875 0.091796875
0 0.654296875 0.22265625 0.0400390625 0.0693359375
0 0.5400390625 0.25390625 0.0390625 0.0693359375
0 0.2578125 0.3876953125 0.0458984375 0.078125
0 0.62109375 0.255859375 0.041015625 0.072265625
0 0.6826171875 0.291015625 0.0439453125 0.076171875
0 0.5 0.3544921875 0.0439453125 0.078125
0 0.4443359375 0.3466796875 0.044921875 0.0791015625
0 0.64453125 0.3798828125 0.0458984375 0.08203125