0 0.42578125 0.4931640625 0.05859375 0.09375
0 0.4736328125 0.4130859375 0.046875 0.068359375
0 0.435546875 0.3896484375 0.041015625 0.07421875
0 0.205078125 0.521484375 0.05859375 0.091796875
0 0.6025390625 0.33203125 0.041015625 0.06640625
0 0.498046875 0.361328125 0.0390625 0.068359375
0 0.484375 0.4765625 0.0546875 0.091796875
0 0.52734375 0.390625 0.044921875 0.072265625
0 0.240234375 0.4638671875 0.05078125 0.078125
0 0.6376953125 0.365234375 0.044921875 0.072265625
0 0.6142578125 0.412109375 0.05078125 0.08203125
0 0.3046875 0.4931640625 0.052734375 0.0859375
0 0.57421875 0.3544921875 0.041015625 0.068359375
0 0.4111328125 0.4169921875 0.029296875 0.064453125