0 0.6650390625 0.2802734375 0.05078125 0.078125
0 0.6982421875 0.3037109375 0.056640625 0.07421875
0 0.5009765625 0.3642578125 0.0625 0.095703125
0 0.689453125 0.3720703125 0.068359375 0.099609375
0 0.7646484375 0.2890625 0.056640625 0.08203125
0 0.6240234375 0.3798828125 0.068359375 0.099609375
0 0.8642578125 0.23828125 0.052734375 0.076171875
0 0.826171875 0.2568359375 0.052734375 0.078125
0 0.37109375 0.3583984375 0.056640625 0.091796875
0 0.8955078125 0.2724609375 0.060546875 0.0859375
0 0.4482421875 0.3310546875 0.0546875 0.08203125
0 0.8525390625 0.3193359375 0.064453125 0.091796875