0 0.615234375 0.3134765625 0.0546875 0.076171875
0 0.5771484375 0.412109375 0.072265625 0.1015625
0 0.646484375 0.34765625 0.056640625 0.080078125
0 0.80078125 0.298828125 0.05078125 0.072265625
0 0.7080078125 0.337890625 0.056640625 0.080078125
0 0.4580078125 0.376953125 0.06640625 0.095703125
0 0.6865234375 0.3017578125 0.05078125 0.07421875
0 0.328125 0.3544921875 0.0625 0.09375
0 0.830078125 0.3388671875 0.05859375 0.080078125
0 0.640625 0.4140625 0.068359375 0.09765625
0 0.7919921875 0.380859375 0.06640625 0.091796875
0 0.7666015625 0.3134765625 0.052734375 0.076171875
0 0.4033203125 0.3349609375 0.060546875 0.083984375