0 0.5361328125 0.7861328125 0.166015625 0.251953125
0 0.3857421875 0.3779296875 0.123046875 0.16796875
0 0.6669921875 0.65625 0.16015625 0.236328125
0 0.474609375 0.2998046875 0.11328125 0.169921875
0 0.3916015625 0.5166015625 0.134765625 0.19921875
0 0.2958984375 0.5048828125 0.126953125 0.193359375
0 0.154296875 0.4130859375 0.123046875 0.177734375
0 0.3564453125 0.2119140625 0.09765625 0.13671875
0 0.1201171875 0.29296875 0.095703125 0.138671875
0 0.697265625 0.474609375 0.138671875 0.205078125
0 0.2236328125 0.1259765625 0.087890625 0.134765625