0 0.5068359375 0.48046875 0.068359375 0.099609375
0 0.3896484375 0.447265625 0.0625 0.09375
0 0.556640625 0.3828125 0.048828125 0.078125
0 0.6494140625 0.40625 0.0546875 0.078125
0 0.583984375 0.4140625 0.0546875 0.078125
0 0.7470703125 0.3681640625 0.046875 0.07421875
0 0.771484375 0.4072265625 0.056640625 0.08203125
0 0.26171875 0.4228515625 0.056640625 0.0859375
0 0.5703125 0.4833984375 0.06640625 0.103515625
0 0.3408203125 0.40234375 0.05859375 0.087890625
0 0.7109375 0.380859375 0.052734375 0.078125
0 0.7275390625 0.4501953125 0.060546875 0.091796875