0 0.4384765625 0.8349609375 0.142578125 0.216796875
0 0.4287109375 0.49609375 0.125 0.18359375
0 0.4765625 0.359375 0.111328125 0.16796875
0 0.5205078125 0.1591796875 0.09375 0.138671875
0 0.28125 0.255859375 0.109375 0.162109375
0 0.580078125 0.3193359375 0.103515625 0.158203125
0 0.361328125 0.4326171875 0.115234375 0.17578125
0 0.298828125 0.1142578125 0.091796875 0.142578125
0 0.6845703125 0.626953125 0.125 0.1875
0 0.587890625 0.7890625 0.13671875 0.205078125
0 0.443359375 0.01953125 0.0703125 0.0390625