0 0.447265625 0.5234375 0.0546875 0.09375
0 0.5810546875 0.3564453125 0.046875 0.078125
0 0.2236328125 0.5205078125 0.056640625 0.09375
0 0.517578125 0.392578125 0.046875 0.080078125
0 0.560546875 0.2958984375 0.04296875 0.0703125
0 0.328125 0.4892578125 0.0546875 0.08984375
0 0.6416015625 0.2978515625 0.04296875 0.072265625
0 0.4619140625 0.3857421875 0.046875 0.080078125
0 0.7021484375 0.33203125 0.046875 0.076171875
0 0.662109375 0.4189453125 0.05078125 0.0859375
0 0.2744140625 0.42578125 0.05078125 0.080078125
0 0.4873046875 0.337890625 0.04296875 0.072265625
0 0.67578125 0.265625 0.04296875 0.06640625
0 0.509765625 0.51171875 0.052734375 0.09375