0 0.5078125 0.5771484375 0.048828125 0.0849609375
0 0.29296875 0.5693359375 0.048828125 0.0859375
0 0.60546875 0.4296875 0.0400390625 0.0712890625
0 0.552734375 0.4599609375 0.0419921875 0.0732421875
0 0.388671875 0.5419921875 0.046875 0.08203125
0 0.5126953125 0.4072265625 0.0400390625 0.0693359375
0 0.689453125 0.48828125 0.0439453125 0.076171875
0 0.57421875 0.37109375 0.0361328125 0.0634765625
0 0.677734375 0.34765625 0.037109375 0.0634765625
0 0.26171875 0.5283203125 0.0458984375 0.08203125
0 0.650390625 0.3759765625 0.0390625 0.068359375
0 0.32421875 0.482421875 0.044921875 0.0751953125
0 0.564453125 0.568359375 0.044921875 0.080078125
0 0.712890625 0.4111328125 0.0390625 0.06640625