0 0.4638671875 0.408203125 0.1171875 0.1640625
0 0.306640625 0.615234375 0.13671875 0.189453125
0 0.34375 0.2978515625 0.103515625 0.142578125
0 0.38671875 0.4931640625 0.126953125 0.171875
0 0.16015625 0.4931640625 0.126953125 0.173828125
0 0.544921875 0.916015625 0.15234375 0.16796875
0 0.3994140625 0.6416015625 0.138671875 0.193359375
0 0.69140625 0.63671875 0.138671875 0.1953125
0 0.671875 0.8330078125 0.15625 0.220703125
0 0.1181640625 0.357421875 0.107421875 0.1484375
0 0.2021484375 0.1669921875 0.095703125 0.134765625