0 0.6474609375 0.2734375 0.044921875 0.07421875
0 0.74609375 0.2744140625 0.05078125 0.08203125
0 0.681640625 0.296875 0.048828125 0.072265625
0 0.61328125 0.3798828125 0.056640625 0.095703125
0 0.8408203125 0.21484375 0.044921875 0.07421875
0 0.4345703125 0.3466796875 0.048828125 0.080078125
0 0.8056640625 0.2353515625 0.046875 0.07421875
0 0.3623046875 0.3818359375 0.05078125 0.0859375
0 0.6787109375 0.3662109375 0.05859375 0.095703125
0 0.4912109375 0.375 0.0546875 0.08984375
0 0.8740234375 0.24609375 0.052734375 0.08203125
0 0.8359375 0.2958984375 0.056640625 0.087890625