0 0.720703125 0.400390625 0.041015625 0.072265625
0 0.626953125 0.3681640625 0.037109375 0.06640625
0 0.505859375 0.451171875 0.046875 0.08203125
0 0.3779296875 0.419921875 0.04296875 0.078125
0 0.6826171875 0.498046875 0.048828125 0.087890625
0 0.66796875 0.416015625 0.0400390625 0.0732421875
0 0.810546875 0.458984375 0.0458984375 0.0791015625
0 0.6259765625 0.498046875 0.046875 0.0849609375
0 0.6875 0.3505859375 0.0380859375 0.0654296875
0 0.7666015625 0.3681640625 0.0380859375 0.06640625
0 0.83203125 0.4052734375 0.041015625 0.0712890625
0 0.439453125 0.3935546875 0.04296875 0.076171875
0 0.41015625 0.455078125 0.0478515625 0.0849609375