0 0.4638671875 0.482421875 0.0498046875 0.087890625
0 0.3447265625 0.4462890625 0.0498046875 0.0859375
0 0.48828125 0.2939453125 0.041015625 0.0732421875
0 0.244140625 0.474609375 0.0517578125 0.0888671875
0 0.5224609375 0.3544921875 0.0439453125 0.078125
0 0.556640625 0.255859375 0.037109375 0.06640625
0 0.5234375 0.474609375 0.048828125 0.0888671875
0 0.28515625 0.37890625 0.044921875 0.076171875
0 0.58203125 0.318359375 0.041015625 0.0732421875
0 0.6669921875 0.2275390625 0.0390625 0.068359375
0 0.6357421875 0.2607421875 0.0400390625 0.0693359375
0 0.697265625 0.298828125 0.041015625 0.072265625
0 0.6650390625 0.3837890625 0.044921875 0.0791015625
0 0.46875 0.3466796875 0.041015625 0.0732421875