0 0.5537109375 0.505859375 0.068359375 0.1015625
0 0.6123046875 0.482421875 0.06640625 0.099609375
0 0.59375 0.3798828125 0.05859375 0.0859375
0 0.4326171875 0.4990234375 0.064453125 0.09375
0 0.3388671875 0.546875 0.068359375 0.09765625
0 0.55078125 0.3369140625 0.052734375 0.078125
0 0.6474609375 0.3349609375 0.05859375 0.083984375
0 0.61328125 0.287109375 0.05078125 0.072265625
0 0.7216796875 0.2373046875 0.05078125 0.07421875
0 0.693359375 0.2724609375 0.0546875 0.078125
0 0.7626953125 0.2880859375 0.056640625 0.080078125
0 0.537109375 0.38671875 0.0546875 0.08203125
0 0.7412109375 0.37109375 0.0625 0.08984375
0 0.3671875 0.4560546875 0.056640625 0.08203125