0 0.3837890625 0.84375 0.15234375 0.2109375
0 0.51171875 0.7734375 0.146484375 0.203125
0 0.21875 0.501953125 0.126953125 0.177734375
0 0.2978515625 0.546875 0.134765625 0.18359375
0 0.564453125 0.61328125 0.1328125 0.1875
0 0.3115234375 0.416015625 0.119140625 0.166015625
0 0.1376953125 0.279296875 0.11328125 0.158203125
0 0.1025390625 0.359375 0.12109375 0.162109375
0 0.396484375 0.3564453125 0.11328125 0.158203125
0 0.3046875 0.2294921875 0.099609375 0.142578125
0 0.19921875 0.09765625 0.078125 0.080078125