0 0.4130859375 0.4482421875 0.052734375 0.0927734375
0 0.4736328125 0.373046875 0.044921875 0.068359375
0 0.615234375 0.3115234375 0.037109375 0.06640625
0 0.1865234375 0.4453125 0.052734375 0.08984375
0 0.4755859375 0.4404296875 0.05078125 0.0888671875
0 0.4169921875 0.3701171875 0.0439453125 0.076171875
0 0.505859375 0.3251953125 0.037109375 0.06640625
0 0.2314453125 0.3896484375 0.046875 0.0791015625
0 0.5322265625 0.3583984375 0.041015625 0.072265625
0 0.646484375 0.3486328125 0.041015625 0.072265625
0 0.2919921875 0.4287109375 0.0478515625 0.0849609375
0 0.583984375 0.328125 0.037109375 0.068359375
0 0.6162109375 0.3935546875 0.044921875 0.0791015625