0 0.5810546875 0.4560546875 0.052734375 0.080078125
0 0.587890625 0.5615234375 0.068359375 0.103515625
0 0.408203125 0.5185546875 0.06640625 0.09765625
0 0.607421875 0.4931640625 0.05859375 0.080078125
0 0.5234375 0.556640625 0.0703125 0.107421875
0 0.3623046875 0.4716796875 0.05859375 0.0859375
0 0.6728515625 0.486328125 0.056640625 0.08203125
0 0.2822265625 0.48828125 0.056640625 0.091796875
0 0.798828125 0.4921875 0.056640625 0.08203125
0 0.7392578125 0.4609375 0.052734375 0.078125
0 0.775390625 0.44921875 0.052734375 0.078125
0 0.751953125 0.53515625 0.0625 0.091796875