0 0.3544921875 0.7314453125 0.115234375 0.2021484375
0 0.2578125 0.50390625 0.0732421875 0.1328125
0 0.3740234375 0.583984375 0.0908203125 0.142578125
0 0.5126953125 0.7158203125 0.11328125 0.201171875
0 0.4384765625 0.4794921875 0.0732421875 0.08984375
0 0.310546875 0.56640625 0.0791015625 0.1513671875
0 0.28515625 0.427734375 0.0517578125 0.05859375
0 0.5322265625 0.5234375 0.080078125 0.1396484375
0 0.4296875 0.3994140625 0.056640625 0.0888671875
0 0.4326171875 0.5390625 0.08203125 0.1435546875
0 0.4833984375 0.466796875 0.0625 0.1181640625
0 0.318359375 0.4609375 0.0654296875 0.0927734375
0 0.623046875 0.6357421875 0.099609375 0.1494140625