0 0.515625 0.5224609375 0.0703125 0.103515625
0 0.3955078125 0.51953125 0.068359375 0.09765625
0 0.30078125 0.5703125 0.0703125 0.1015625
0 0.51171875 0.3505859375 0.056640625 0.080078125
0 0.7021484375 0.37890625 0.06640625 0.09375
0 0.5732421875 0.298828125 0.0546875 0.076171875
0 0.5556640625 0.3935546875 0.0625 0.087890625
0 0.7197265625 0.2958984375 0.060546875 0.08203125
0 0.6083984375 0.34765625 0.056640625 0.080078125
0 0.6796875 0.2451171875 0.052734375 0.07421875
0 0.57421875 0.49609375 0.06640625 0.095703125
0 0.4990234375 0.400390625 0.060546875 0.0859375
0 0.328125 0.4765625 0.05859375 0.08203125
0 0.6533203125 0.28125 0.0546875 0.078125