0 0.4140625 0.8212890625 0.1025390625 0.18359375
0 0.267578125 0.544921875 0.0927734375 0.158203125
0 0.5087890625 0.681640625 0.091796875 0.1650390625
0 0.2021484375 0.4794921875 0.0908203125 0.1572265625
0 0.416015625 0.390625 0.076171875 0.1376953125
0 0.31640625 0.419921875 0.08203125 0.14453125
0 0.3603515625 0.244140625 0.0673828125 0.1240234375
0 0.2705078125 0.8525390625 0.107421875 0.1884765625
0 0.130859375 0.3125 0.087890625 0.14453125
0 0.2958984375 0.0634765625 0.0615234375 0.1142578125
0 0.1494140625 0.18359375 0.0732421875 0.1220703125