0 0.4658203125 0.4072265625 0.04296875 0.068359375
0 0.4296875 0.380859375 0.0390625 0.072265625
0 0.41015625 0.4833984375 0.05078125 0.091796875
0 0.185546875 0.494140625 0.052734375 0.08984375
0 0.470703125 0.474609375 0.048828125 0.0888671875
0 0.2275390625 0.4384765625 0.0439453125 0.076171875
0 0.60546875 0.419921875 0.0458984375 0.0791015625
0 0.5224609375 0.390625 0.0400390625 0.0693359375
0 0.49609375 0.359375 0.0361328125 0.0654296875
0 0.2890625 0.47265625 0.046875 0.0830078125
0 0.634765625 0.375 0.041015625 0.0693359375
0 0.6015625 0.33984375 0.037109375 0.0654296875
0 0.572265625 0.359375 0.037109375 0.0654296875