0 0.671875 0.7763671875 0.146484375 0.2109375
0 0.548828125 0.8759765625 0.150390625 0.22265625
0 0.416015625 0.421875 0.115234375 0.1640625
0 0.4990234375 0.3466796875 0.109375 0.16015625
0 0.7041015625 0.58984375 0.130859375 0.189453125
0 0.3330078125 0.53125 0.12109375 0.17578125
0 0.3857421875 0.22265625 0.09765625 0.138671875
0 0.1962890625 0.400390625 0.115234375 0.162109375
0 0.4208984375 0.568359375 0.126953125 0.181640625
0 0.1611328125 0.26171875 0.09765625 0.142578125
0 0.2548828125 0.0888671875 0.083984375 0.109375