0 0.5986328125 0.46875 0.068359375 0.1015625
0 0.6318359375 0.3505859375 0.052734375 0.07421875
0 0.478515625 0.435546875 0.06640625 0.09375
0 0.6611328125 0.466796875 0.068359375 0.09765625
0 0.375 0.447265625 0.068359375 0.09765625
0 0.7255859375 0.3720703125 0.05859375 0.083984375
0 0.6650390625 0.3916015625 0.056640625 0.083984375
0 0.703125 0.330078125 0.05078125 0.072265625
0 0.8173828125 0.322265625 0.052734375 0.072265625
0 0.84765625 0.3681640625 0.056640625 0.080078125
0 0.810546875 0.419921875 0.064453125 0.091796875
0 0.783203125 0.33984375 0.05078125 0.07421875
0 0.423828125 0.388671875 0.05859375 0.083984375