0 0.416015625 0.36328125 0.048828125 0.078125
0 0.4052734375 0.46875 0.064453125 0.099609375
0 0.46484375 0.4541015625 0.0625 0.095703125
0 0.28125 0.46875 0.0625 0.091796875
0 0.4541015625 0.384765625 0.052734375 0.07421875
0 0.5869140625 0.3017578125 0.046875 0.0703125
0 0.5107421875 0.3623046875 0.05078125 0.078125
0 0.6220703125 0.333984375 0.052734375 0.078125
0 0.2158203125 0.44140625 0.05859375 0.0859375
0 0.48046875 0.3330078125 0.046875 0.0703125
0 0.1455078125 0.482421875 0.056640625 0.087890625
0 0.5986328125 0.380859375 0.05859375 0.087890625
0 0.55859375 0.3251953125 0.046875 0.0703125