0 0.515625 0.513671875 0.0625 0.09765625
0 0.521484375 0.34765625 0.05078125 0.078125
0 0.39453125 0.5029296875 0.05859375 0.091796875
0 0.298828125 0.546875 0.0625 0.09765625
0 0.6162109375 0.3515625 0.05078125 0.080078125
0 0.57421875 0.4931640625 0.05859375 0.095703125
0 0.6923828125 0.2568359375 0.048828125 0.072265625
0 0.705078125 0.3896484375 0.056640625 0.087890625
0 0.5849609375 0.3017578125 0.04296875 0.068359375
0 0.5615234375 0.392578125 0.048828125 0.080078125
0 0.6640625 0.2900390625 0.048828125 0.076171875
0 0.3291015625 0.45703125 0.052734375 0.083984375
0 0.73046875 0.310546875 0.048828125 0.076171875