0 0.4267578125 0.48828125 0.0517578125 0.08984375
0 0.4794921875 0.4111328125 0.0419921875 0.06640625
0 0.443359375 0.3857421875 0.037109375 0.0712890625
0 0.2041015625 0.5009765625 0.0517578125 0.0888671875
0 0.6142578125 0.33984375 0.0361328125 0.0634765625
0 0.5078125 0.361328125 0.03515625 0.0654296875
0 0.486328125 0.4755859375 0.048828125 0.087890625
0 0.53515625 0.392578125 0.0400390625 0.0693359375
0 0.2431640625 0.4462890625 0.044921875 0.0751953125
0 0.646484375 0.375 0.0400390625 0.0693359375
0 0.6201171875 0.419921875 0.0458984375 0.0791015625
0 0.3056640625 0.4794921875 0.0478515625 0.0830078125
0 0.583984375 0.3603515625 0.037109375 0.0654296875
0 0.4169921875 0.4111328125 0.025390625 0.0634765625