0 0.6083984375 0.4169921875 0.068359375 0.09765625
0 0.498046875 0.3544921875 0.064453125 0.091796875
0 0.6396484375 0.2880859375 0.05078125 0.072265625
0 0.447265625 0.2880859375 0.060546875 0.083984375
0 0.6630859375 0.4267578125 0.06640625 0.09375
0 0.40234375 0.345703125 0.068359375 0.095703125
0 0.705078125 0.2822265625 0.05078125 0.0703125
0 0.3798828125 0.3046875 0.05859375 0.08203125
0 0.8095703125 0.294921875 0.05078125 0.0703125
0 0.6689453125 0.3427734375 0.056640625 0.080078125
0 0.8330078125 0.353515625 0.056640625 0.078125
0 0.724609375 0.3349609375 0.056640625 0.080078125
0 0.7783203125 0.3095703125 0.052734375 0.072265625
0 0.7998046875 0.404296875 0.060546875 0.083984375