0 0.615234375 0.376953125 0.0546875 0.095703125
0 0.681640625 0.2939453125 0.044921875 0.0712890625
0 0.6474609375 0.2705078125 0.0390625 0.072265625
0 0.74609375 0.2724609375 0.044921875 0.078125
0 0.6796875 0.36328125 0.052734375 0.0927734375
0 0.4931640625 0.3681640625 0.0498046875 0.0888671875
0 0.3916015625 0.3955078125 0.0498046875 0.08984375
0 0.8056640625 0.2333984375 0.041015625 0.072265625
0 0.4375 0.337890625 0.044921875 0.0791015625
0 0.841796875 0.2119140625 0.041015625 0.0712890625
0 0.875 0.244140625 0.046875 0.078125
0 0.837890625 0.296875 0.0517578125 0.0859375
0 0.71875 0.236328125 0.0400390625 0.0615234375