0 0.6357421875 0.7744140625 0.12109375 0.19921875
0 0.5 0.8525390625 0.123046875 0.2109375
0 0.44140625 0.1728515625 0.078125 0.1328125
0 0.533203125 0.31640625 0.08984375 0.150390625
0 0.4404296875 0.376953125 0.095703125 0.15625
0 0.228515625 0.3134765625 0.09375 0.154296875
0 0.6962890625 0.59765625 0.109375 0.1796875
0 0.341796875 0.47265625 0.099609375 0.169921875
0 0.4208984375 0.521484375 0.103515625 0.171875
0 0.2158203125 0.171875 0.08203125 0.138671875
0 0.3349609375 0.0361328125 0.068359375 0.060546875