0 0.5078125 0.5576171875 0.060546875 0.095703125
0 0.392578125 0.517578125 0.060546875 0.091796875
0 0.556640625 0.3935546875 0.048828125 0.076171875
0 0.583984375 0.44921875 0.052734375 0.083984375
0 0.2880859375 0.53515625 0.060546875 0.09375
0 0.6298828125 0.36328125 0.046875 0.072265625
0 0.5693359375 0.5537109375 0.05859375 0.095703125
0 0.7470703125 0.3486328125 0.044921875 0.0703125
0 0.34375 0.4541015625 0.05078125 0.080078125
0 0.6474609375 0.4228515625 0.05078125 0.080078125
0 0.7705078125 0.41015625 0.05078125 0.078125
0 0.529296875 0.4384765625 0.05078125 0.080078125
0 0.7099609375 0.3759765625 0.046875 0.072265625
0 0.7255859375 0.4833984375 0.0546875 0.0859375