0 0.5029296875 0.294921875 0.0419921875 0.0732421875
0 0.484375 0.4599609375 0.052734375 0.091796875
0 0.36328125 0.4423828125 0.05078125 0.087890625
0 0.263671875 0.4794921875 0.0517578125 0.0888671875
0 0.5400390625 0.3408203125 0.0439453125 0.0791015625
0 0.7138671875 0.2724609375 0.04296875 0.0751953125
0 0.5712890625 0.2529296875 0.0400390625 0.0693359375
0 0.6806640625 0.216796875 0.0390625 0.0693359375
0 0.302734375 0.390625 0.044921875 0.0791015625
0 0.54296875 0.443359375 0.048828125 0.0888671875
0 0.650390625 0.2490234375 0.0400390625 0.0693359375
0 0.59765625 0.3046875 0.041015625 0.0732421875
0 0.6845703125 0.3486328125 0.0458984375 0.080078125