0 0.5908203125 0.3369140625 0.0546875 0.076171875
0 0.62109375 0.462890625 0.068359375 0.09765625
0 0.4931640625 0.4482421875 0.06640625 0.091796875
0 0.6767578125 0.4521484375 0.06640625 0.095703125
0 0.646484375 0.306640625 0.05078125 0.0703125
0 0.3623046875 0.44921875 0.05859375 0.083984375
0 0.4013671875 0.4765625 0.06640625 0.095703125
0 0.689453125 0.3466796875 0.056640625 0.080078125
0 0.642578125 0.375 0.056640625 0.080078125
0 0.7490234375 0.28125 0.05078125 0.0703125
0 0.4150390625 0.4091796875 0.060546875 0.083984375
0 0.7978515625 0.32421875 0.056640625 0.078125
0 0.7265625 0.3046875 0.052734375 0.07421875
0 0.791015625 0.380859375 0.064453125 0.087890625