0 0.3017578125 0.5 0.0517578125 0.0888671875
0 0.583984375 0.4794921875 0.0498046875 0.091796875
0 0.5869140625 0.37109375 0.0458984375 0.0791015625
0 0.4033203125 0.4658203125 0.048828125 0.087890625
0 0.5537109375 0.3212890625 0.041015625 0.0712890625
0 0.625 0.2802734375 0.0380859375 0.0693359375
0 0.6484375 0.3349609375 0.044921875 0.078125
0 0.7412109375 0.24609375 0.0400390625 0.06640625
0 0.34765625 0.4130859375 0.04296875 0.076171875
0 0.521484375 0.4931640625 0.0498046875 0.0888671875
0 0.53125 0.3671875 0.0439453125 0.0791015625
0 0.734375 0.3857421875 0.048828125 0.0849609375
0 0.771484375 0.3056640625 0.04296875 0.0751953125
0 0.70703125 0.2783203125 0.041015625 0.0712890625