0 0.5107421875 0.49609375 0.06640625 0.09765625
0 0.5380859375 0.3623046875 0.056640625 0.083984375
0 0.5869140625 0.318359375 0.0546875 0.08203125
0 0.2978515625 0.5283203125 0.064453125 0.09375
0 0.5478515625 0.26171875 0.05078125 0.07421875
0 0.4912109375 0.3115234375 0.0546875 0.078125
0 0.6494140625 0.21484375 0.048828125 0.072265625
0 0.693359375 0.275390625 0.0546875 0.078125
0 0.2607421875 0.4931640625 0.056640625 0.083984375
0 0.3154296875 0.4306640625 0.05859375 0.083984375
0 0.6259765625 0.251953125 0.0546875 0.078125
0 0.4833984375 0.3642578125 0.0546875 0.080078125
0 0.6826171875 0.36328125 0.05859375 0.0859375
0 0.3896484375 0.482421875 0.060546875 0.08984375
0 0.56640625 0.4736328125 0.060546875 0.091796875