0 0.5400390625 0.2197265625 0.04296875 0.072265625
0 0.5322265625 0.357421875 0.052734375 0.091796875
0 0.6806640625 0.19921875 0.041015625 0.0703125
0 0.708984375 0.1767578125 0.0390625 0.06640625
0 0.6025390625 0.193359375 0.0390625 0.064453125
0 0.5791015625 0.2666015625 0.04296875 0.07421875
0 0.283203125 0.3134765625 0.044921875 0.080078125
0 0.7431640625 0.23046875 0.04296875 0.0703125
0 0.587890625 0.3515625 0.05078125 0.087890625
0 0.6318359375 0.2412109375 0.04296875 0.07421875
0 0.3134765625 0.3466796875 0.052734375 0.08984375
0 0.4111328125 0.328125 0.048828125 0.083984375
0 0.3486328125 0.27734375 0.046875 0.076171875
0 0.71875 0.2900390625 0.05078125 0.08203125