0 0.5517578125 0.53515625 0.060546875 0.091796875
0 0.578125 0.4091796875 0.05078125 0.080078125
0 0.33984375 0.5654296875 0.060546875 0.091796875
0 0.5302734375 0.3603515625 0.046875 0.0703125
0 0.4287109375 0.5205078125 0.05859375 0.087890625
0 0.60546875 0.5166015625 0.05859375 0.08984375
0 0.5859375 0.314453125 0.044921875 0.0703125
0 0.7314453125 0.330078125 0.05078125 0.07421875
0 0.3017578125 0.529296875 0.0546875 0.083984375
0 0.625 0.3681640625 0.048828125 0.076171875
0 0.6640625 0.306640625 0.048828125 0.07421875
0 0.6865234375 0.2724609375 0.044921875 0.06640625
0 0.7197265625 0.412109375 0.0546875 0.08203125
0 0.3583984375 0.47265625 0.05078125 0.080078125