0 0.541015625 0.4453125 0.06640625 0.095703125
0 0.36328125 0.4619140625 0.06640625 0.09375
0 0.2734375 0.51171875 0.06640625 0.09375
0 0.5576171875 0.2880859375 0.056640625 0.08203125
0 0.4619140625 0.28515625 0.056640625 0.080078125
0 0.517578125 0.2333984375 0.05078125 0.072265625
0 0.2880859375 0.4111328125 0.0625 0.087890625
0 0.6171875 0.1826171875 0.052734375 0.07421875
0 0.509765625 0.333984375 0.060546875 0.0859375
0 0.6533203125 0.330078125 0.0625 0.087890625
0 0.4853515625 0.4677734375 0.0703125 0.099609375
0 0.595703125 0.2197265625 0.0546875 0.078125
0 0.6640625 0.2412109375 0.056640625 0.078125