0 0.4892578125 0.58203125 0.060546875 0.091796875
0 0.5126953125 0.4599609375 0.052734375 0.078125
0 0.2734375 0.6083984375 0.0625 0.091796875
0 0.4638671875 0.4130859375 0.05078125 0.07421875
0 0.54296875 0.5625 0.05859375 0.087890625
0 0.5185546875 0.3701171875 0.044921875 0.068359375
0 0.234375 0.572265625 0.0546875 0.083984375
0 0.365234375 0.56640625 0.060546875 0.08984375
0 0.6162109375 0.3330078125 0.044921875 0.06640625
0 0.66015625 0.388671875 0.048828125 0.07421875
0 0.59375 0.3642578125 0.048828125 0.07421875
0 0.2900390625 0.5185546875 0.052734375 0.078125
0 0.5576171875 0.423828125 0.046875 0.07421875
0 0.6513671875 0.466796875 0.052734375 0.078125