0 0.68359375 0.416015625 0.05859375 0.08203125
0 0.6552734375 0.359375 0.052734375 0.0703125
0 0.6240234375 0.4873046875 0.068359375 0.09765625
0 0.517578125 0.4140625 0.06640625 0.091796875
0 0.720703125 0.3603515625 0.05078125 0.0703125
0 0.4013671875 0.3525390625 0.0625 0.087890625
0 0.740234375 0.4150390625 0.056640625 0.078125
0 0.4248046875 0.3955078125 0.064453125 0.09375
0 0.84765625 0.443359375 0.05859375 0.080078125
0 0.8232421875 0.3828125 0.05078125 0.0703125
0 0.8115234375 0.4921875 0.06640625 0.08984375
0 0.6796875 0.5029296875 0.064453125 0.08984375
0 0.4677734375 0.3427734375 0.056640625 0.080078125