0 0.5517578125 0.4560546875 0.0478515625 0.087890625
0 0.375 0.431640625 0.0478515625 0.0849609375
0 0.2763671875 0.4599609375 0.048828125 0.0859375
0 0.603515625 0.306640625 0.041015625 0.0751953125
0 0.5107421875 0.2822265625 0.0419921875 0.0732421875
0 0.5771484375 0.244140625 0.037109375 0.0654296875
0 0.3134765625 0.3662109375 0.044921875 0.0791015625
0 0.685546875 0.216796875 0.0380859375 0.06640625
0 0.546875 0.3408203125 0.04296875 0.0791015625
0 0.6875 0.369140625 0.0458984375 0.080078125
0 0.4931640625 0.4658203125 0.05078125 0.08984375
0 0.65625 0.248046875 0.0400390625 0.0712890625
0 0.7177734375 0.28515625 0.041015625 0.0712890625