0 0.51171875 0.546875 0.0625 0.09765625
0 0.5712890625 0.525390625 0.060546875 0.095703125
0 0.390625 0.5322265625 0.060546875 0.09375
0 0.291015625 0.5791015625 0.060546875 0.095703125
0 0.623046875 0.3623046875 0.052734375 0.083984375
0 0.564453125 0.408203125 0.052734375 0.0859375
0 0.52734375 0.35546875 0.048828125 0.080078125
0 0.5947265625 0.3037109375 0.048828125 0.07421875
0 0.70703125 0.25390625 0.048828125 0.076171875
0 0.330078125 0.4775390625 0.0546875 0.083984375
0 0.6767578125 0.2919921875 0.048828125 0.080078125
0 0.5087890625 0.4111328125 0.052734375 0.0859375
0 0.744140625 0.3173828125 0.052734375 0.080078125
0 0.7138671875 0.4091796875 0.056640625 0.08984375