0 0.55078125 0.3623046875 0.056640625 0.080078125
0 0.4990234375 0.4560546875 0.07421875 0.1015625
0 0.5595703125 0.4658203125 0.072265625 0.1015625
0 0.736328125 0.3720703125 0.0546875 0.076171875
0 0.576171875 0.3994140625 0.060546875 0.080078125
0 0.638671875 0.3974609375 0.056640625 0.080078125
0 0.2607421875 0.369140625 0.064453125 0.09375
0 0.755859375 0.4169921875 0.05859375 0.080078125
0 0.3857421875 0.41015625 0.06640625 0.091796875
0 0.3388671875 0.359375 0.060546875 0.083984375
0 0.7138671875 0.453125 0.06640625 0.091796875
0 0.69921875 0.3818359375 0.052734375 0.076171875
0 0.6240234375 0.34765625 0.0390625 0.05078125