0 0.3125 0.720703125 0.130859375 0.1953125
0 0.44921875 0.7373046875 0.126953125 0.19140625
0 0.376953125 0.447265625 0.11328125 0.166015625
0 0.451171875 0.3486328125 0.1015625 0.150390625
0 0.55078125 0.34765625 0.095703125 0.146484375
0 0.306640625 0.203125 0.09765625 0.142578125
0 0.333984375 0.369140625 0.107421875 0.16015625
0 0.53125 0.19921875 0.0859375 0.130859375
0 0.3720703125 0.1572265625 0.08984375 0.138671875
0 0.572265625 0.640625 0.115234375 0.171875
0 0.5107421875 0.0400390625 0.072265625 0.080078125