0 0.3046875 0.1533203125 0.064453125 0.095703125
0 0.4267578125 0.1904296875 0.064453125 0.1015625
0 0.1953125 0.1748046875 0.06640625 0.09765625
0 0.4970703125 0.0810546875 0.056640625 0.087890625
0 0.55859375 0.0537109375 0.0546875 0.083984375
0 0.4892578125 0.1806640625 0.0625 0.099609375
0 0.24609375 0.09375 0.060546875 0.091796875
0 0.4638671875 0.033203125 0.052734375 0.06640625
0 0.6396484375 0.1103515625 0.05859375 0.08984375
0 0.677734375 0.048828125 0.048828125 0.0625
0 0.5361328125 0.017578125 0.041015625 0.03515625
0 0.6171875 0.02734375 0.04296875 0.03515625