0 0.384765625 0.8779296875 0.1484375 0.208984375
0 0.3203125 0.580078125 0.125 0.171875
0 0.5185546875 0.8251953125 0.140625 0.201171875
0 0.341796875 0.4501953125 0.111328125 0.15625
0 0.4326171875 0.404296875 0.10546875 0.1484375
0 0.244140625 0.529296875 0.1171875 0.16796875
0 0.34765625 0.2724609375 0.09375 0.13671875
0 0.5849609375 0.671875 0.126953125 0.18359375
0 0.1396484375 0.3798828125 0.111328125 0.154296875
0 0.1787109375 0.3046875 0.103515625 0.1484375
0 0.2470703125 0.1083984375 0.083984375 0.123046875