0 0.568359375 0.3876953125 0.05859375 0.091796875
0 0.556640625 0.25390625 0.044921875 0.072265625
0 0.4453125 0.3642578125 0.052734375 0.087890625
0 0.3525390625 0.3896484375 0.056640625 0.08984375
0 0.31640625 0.359375 0.048828125 0.080078125
0 0.6943359375 0.2255859375 0.04296875 0.0703125
0 0.6025390625 0.2939453125 0.048828125 0.078125
0 0.615234375 0.2236328125 0.04296875 0.06640625
0 0.71875 0.201171875 0.041015625 0.06640625
0 0.65234375 0.267578125 0.048828125 0.07421875
0 0.7451171875 0.3095703125 0.052734375 0.08203125
0 0.76171875 0.2490234375 0.048828125 0.07421875
0 0.6259765625 0.3779296875 0.052734375 0.083984375
0 0.375 0.3203125 0.052734375 0.080078125