0 0.36328125 0.7568359375 0.111328125 0.189453125
0 0.5009765625 0.7421875 0.109375 0.18359375
0 0.41796875 0.3583984375 0.087890625 0.146484375
0 0.6005859375 0.62109375 0.099609375 0.169921875
0 0.3681640625 0.47265625 0.09375 0.15625
0 0.30859375 0.4052734375 0.087890625 0.15234375
0 0.5146484375 0.3359375 0.08203125 0.138671875
0 0.24609375 0.24609375 0.083984375 0.13671875
0 0.46484375 0.1943359375 0.072265625 0.126953125
0 0.2978515625 0.185546875 0.076171875 0.134765625
0 0.4072265625 0.041015625 0.060546875 0.076171875