0 0.578125 0.240234375 0.041015625 0.068359375
0 0.4521484375 0.337890625 0.046875 0.08203125
0 0.6279296875 0.373046875 0.048828125 0.083984375
0 0.5703125 0.3759765625 0.052734375 0.08984375
0 0.388671875 0.2861328125 0.046875 0.078125
0 0.32421875 0.3173828125 0.044921875 0.076171875
0 0.6181640625 0.287109375 0.044921875 0.076171875
0 0.78125 0.2626953125 0.04296875 0.0703125
0 0.640625 0.2197265625 0.0390625 0.06640625
0 0.7470703125 0.2099609375 0.037109375 0.064453125
0 0.7578125 0.3193359375 0.046875 0.080078125
0 0.71875 0.23046875 0.041015625 0.068359375
0 0.669921875 0.267578125 0.04296875 0.072265625
0 0.35546875 0.3525390625 0.046875 0.083984375