0 0.7412109375 0.4560546875 0.05859375 0.08984375
0 0.412109375 0.4951171875 0.060546875 0.09375
0 0.6416015625 0.3408203125 0.044921875 0.0703125
0 0.5986328125 0.4248046875 0.0546875 0.087890625
0 0.587890625 0.5263671875 0.060546875 0.095703125
0 0.30859375 0.513671875 0.060546875 0.09375
0 0.5703125 0.373046875 0.048828125 0.07421875
0 0.7236328125 0.349609375 0.048828125 0.076171875
0 0.7578125 0.32421875 0.046875 0.0703125
0 0.3603515625 0.435546875 0.056640625 0.083984375
0 0.7841796875 0.384765625 0.05078125 0.078125
0 0.662109375 0.3974609375 0.05078125 0.080078125
0 0.52734375 0.5322265625 0.064453125 0.09765625