0 0.5478515625 0.3759765625 0.056640625 0.09375
0 0.5712890625 0.220703125 0.046875 0.07421875
0 0.431640625 0.3203125 0.052734375 0.087890625
0 0.662109375 0.2607421875 0.046875 0.076171875
0 0.3330078125 0.3232421875 0.0546875 0.08984375
0 0.6376953125 0.2021484375 0.04296875 0.068359375
0 0.60546875 0.279296875 0.048828125 0.080078125
0 0.3046875 0.28125 0.05078125 0.08203125
0 0.74609375 0.2001953125 0.04296875 0.072265625
0 0.7431640625 0.3310546875 0.05078125 0.08203125
0 0.775390625 0.2666015625 0.046875 0.072265625
0 0.607421875 0.3779296875 0.0546875 0.087890625
0 0.3740234375 0.251953125 0.048828125 0.078125
0 0.7158203125 0.22265625 0.04296875 0.0703125