0 0.2890625 0.45703125 0.0546875 0.087890625
0 0.4609375 0.3779296875 0.046875 0.068359375
0 0.4228515625 0.35546875 0.041015625 0.0703125
0 0.412109375 0.4580078125 0.056640625 0.091796875
0 0.1884765625 0.48828125 0.0546875 0.08984375
0 0.4873046875 0.326171875 0.041015625 0.06640625
0 0.591796875 0.298828125 0.041015625 0.06640625
0 0.2265625 0.4306640625 0.048828125 0.076171875
0 0.470703125 0.4423828125 0.052734375 0.091796875
0 0.515625 0.3564453125 0.04296875 0.07421875
0 0.626953125 0.328125 0.044921875 0.07421875
0 0.5634765625 0.3193359375 0.041015625 0.06640625
0 0.6015625 0.376953125 0.048828125 0.08203125