0 0.4873046875 0.828125 0.123046875 0.201171875
0 0.4130859375 0.505859375 0.107421875 0.169921875
0 0.6181640625 0.767578125 0.12109375 0.193359375
0 0.435546875 0.16796875 0.08203125 0.130859375
0 0.5244140625 0.3154296875 0.08984375 0.146484375
0 0.3369140625 0.451171875 0.103515625 0.16796875
0 0.43359375 0.3681640625 0.095703125 0.15234375
0 0.2265625 0.2890625 0.095703125 0.150390625
0 0.67578125 0.6064453125 0.10546875 0.171875
0 0.2158203125 0.1494140625 0.083984375 0.13671875
0 0.3349609375 0.0302734375 0.0625 0.041015625