0 0.46875 0.40625 0.044921875 0.0703125
0 0.43359375 0.37890625 0.041015625 0.07421875
0 0.4111328125 0.48046875 0.0546875 0.09375
0 0.185546875 0.4833984375 0.056640625 0.091796875
0 0.4716796875 0.4736328125 0.052734375 0.08984375
0 0.2294921875 0.4287109375 0.046875 0.078125
0 0.6083984375 0.423828125 0.048828125 0.080078125
0 0.5263671875 0.3916015625 0.04296875 0.0703125
0 0.5009765625 0.359375 0.0390625 0.06640625
0 0.2900390625 0.46484375 0.048828125 0.083984375
0 0.638671875 0.3798828125 0.04296875 0.0703125
0 0.607421875 0.34375 0.0390625 0.06640625
0 0.5771484375 0.3623046875 0.0390625 0.06640625