0 0.263671875 0.1962890625 0.05078125 0.0859375
0 0.1591796875 0.2255859375 0.0546875 0.08984375
0 0.3916015625 0.216796875 0.0517578125 0.091796875
0 0.3828125 0.107421875 0.044921875 0.0791015625
0 0.439453125 0.1103515625 0.0439453125 0.0791015625
0 0.4501953125 0.2060546875 0.048828125 0.08984375
0 0.49609375 0.0791015625 0.04296875 0.0751953125
0 0.1953125 0.142578125 0.048828125 0.08203125
0 0.6083984375 0.056640625 0.0419921875 0.0732421875
0 0.58203125 0.1259765625 0.044921875 0.08203125
0 0.46484375 0.0322265625 0.0400390625 0.0634765625
0 0.544921875 0.0322265625 0.0400390625 0.0634765625
0 0.57421875 0.017578125 0.03515625 0.03515625