0 0.42578125 0.5498046875 0.1328125 0.1875
0 0.673828125 0.765625 0.146484375 0.2109375
0 0.552734375 0.86328125 0.15234375 0.220703125
0 0.421875 0.4052734375 0.1171875 0.166015625
0 0.50390625 0.3310546875 0.107421875 0.158203125
0 0.205078125 0.37890625 0.1171875 0.1640625
0 0.392578125 0.2041015625 0.09765625 0.140625
0 0.33984375 0.515625 0.12109375 0.177734375
0 0.7080078125 0.5849609375 0.130859375 0.185546875
0 0.1708984375 0.240234375 0.099609375 0.146484375
0 0.2666015625 0.0771484375 0.078125 0.087890625