0 0.583984375 0.4482421875 0.05078125 0.080078125
0 0.6171875 0.3603515625 0.044921875 0.0703125
0 0.6416015625 0.421875 0.05078125 0.076171875
0 0.5830078125 0.5576171875 0.05859375 0.08984375
0 0.7177734375 0.4892578125 0.0546875 0.083984375
0 0.552734375 0.390625 0.044921875 0.0703125
0 0.3134765625 0.5322265625 0.05859375 0.08984375
0 0.6943359375 0.373046875 0.048828125 0.076171875
0 0.4111328125 0.5146484375 0.056640625 0.087890625
0 0.7255859375 0.34765625 0.044921875 0.068359375
0 0.7529296875 0.4140625 0.048828125 0.076171875
0 0.287109375 0.48828125 0.052734375 0.080078125
0 0.525390625 0.5625 0.0546875 0.087890625
0 0.3564453125 0.4482421875 0.048828125 0.078125