0 0.4794921875 0.3525390625 0.0390625 0.0732421875
0 0.544921875 0.328125 0.037109375 0.068359375
0 0.513671875 0.3779296875 0.0439453125 0.0693359375
0 0.45703125 0.453125 0.05078125 0.091796875
0 0.3359375 0.4365234375 0.048828125 0.0849609375
0 0.234375 0.45703125 0.05078125 0.0888671875
0 0.572265625 0.361328125 0.0419921875 0.072265625
0 0.5166015625 0.4462890625 0.048828125 0.0888671875
0 0.6533203125 0.3134765625 0.03515625 0.0625
0 0.685546875 0.349609375 0.041015625 0.0712890625
0 0.275390625 0.4033203125 0.04296875 0.076171875
0 0.65625 0.3935546875 0.044921875 0.0791015625
0 0.623046875 0.330078125 0.037109375 0.06640625