0 0.728515625 0.419921875 0.046875 0.076171875
0 0.6376953125 0.3798828125 0.04296875 0.0703125
0 0.509765625 0.4521484375 0.0546875 0.0859375
0 0.3857421875 0.4091796875 0.048828125 0.08203125
0 0.681640625 0.513671875 0.056640625 0.091796875
0 0.6748046875 0.4306640625 0.046875 0.076171875
0 0.8125 0.486328125 0.052734375 0.08203125
0 0.6259765625 0.5087890625 0.0546875 0.087890625
0 0.7001953125 0.3671875 0.04296875 0.068359375
0 0.77734375 0.3916015625 0.04296875 0.0703125
0 0.8388671875 0.4345703125 0.046875 0.07421875
0 0.44921875 0.388671875 0.048828125 0.080078125
0 0.4140625 0.447265625 0.0546875 0.087890625