0 0.5078125 0.47265625 0.056640625 0.09765625
0 0.3876953125 0.447265625 0.0546875 0.08984375
0 0.58203125 0.400390625 0.048828125 0.076171875
0 0.2587890625 0.4326171875 0.05078125 0.0859375
0 0.5712890625 0.4697265625 0.056640625 0.095703125
0 0.5498046875 0.3671875 0.0390625 0.07421875
0 0.6455078125 0.3837890625 0.046875 0.076171875
0 0.7705078125 0.376953125 0.046875 0.07421875
0 0.3349609375 0.408203125 0.046875 0.080078125
0 0.7412109375 0.3369140625 0.04296875 0.072265625
0 0.705078125 0.3525390625 0.044921875 0.07421875
0 0.7294921875 0.4228515625 0.05078125 0.083984375