0 0.3984375 0.8427734375 0.130859375 0.234375
0 0.326171875 0.505859375 0.109375 0.19140625
0 0.546875 0.7509765625 0.125 0.22265625
0 0.3515625 0.3525390625 0.099609375 0.166015625
0 0.2373046875 0.4541015625 0.10546875 0.1953125
0 0.6171875 0.5673828125 0.109375 0.193359375
0 0.1220703125 0.2978515625 0.103515625 0.177734375
0 0.361328125 0.1494140625 0.08203125 0.138671875
0 0.4541015625 0.2939453125 0.087890625 0.166015625
0 0.1142578125 0.1455078125 0.080078125 0.138671875
0 0.25390625 0.0302734375 0.0703125 0.060546875