0 0.6044921875 0.33984375 0.046875 0.072265625
0 0.3681640625 0.4296875 0.052734375 0.083984375
0 0.404296875 0.4599609375 0.060546875 0.091796875
0 0.681640625 0.4580078125 0.0625 0.091796875
0 0.6640625 0.3125 0.046875 0.068359375
0 0.6240234375 0.466796875 0.060546875 0.091796875
0 0.6533203125 0.3798828125 0.052734375 0.078125
0 0.7685546875 0.2958984375 0.046875 0.068359375
0 0.7041015625 0.357421875 0.048828125 0.07421875
0 0.498046875 0.44140625 0.056640625 0.0859375
0 0.814453125 0.341796875 0.05078125 0.07421875
0 0.8017578125 0.3994140625 0.056640625 0.083984375
0 0.423828125 0.3955078125 0.052734375 0.078125