0 0.2197265625 0.4306640625 0.07421875 0.109375
0 0.109375 0.5322265625 0.091796875 0.1171875
0 0.349609375 0.5390625 0.1015625 0.16015625
0 0.1201171875 0.66015625 0.111328125 0.181640625
0 0.3681640625 0.7646484375 0.1484375 0.232421875
0 0.287109375 0.4892578125 0.083984375 0.134765625
0 0.248046875 0.587890625 0.107421875 0.169921875
0 0.4658203125 0.6435546875 0.123046875 0.1796875
0 0.203125 0.841796875 0.162109375 0.248046875
0 0.0517578125 0.599609375 0.103515625 0.166015625
0 0.236328125 0.4921875 0.0703125 0.056640625