0 0.4873046875 0.40234375 0.0830078125 0.1484375
0 0.2841796875 0.5654296875 0.09765625 0.171875
0 0.3974609375 0.265625 0.0751953125 0.12890625
0 0.3916015625 0.4658203125 0.091796875 0.154296875
0 0.171875 0.4111328125 0.0927734375 0.1552734375
0 0.44140625 0.919921875 0.1181640625 0.154296875
0 0.3681640625 0.61328125 0.099609375 0.173828125
0 0.65234375 0.6787109375 0.099609375 0.1767578125
0 0.5859375 0.8642578125 0.111328125 0.2001953125
0 0.1640625 0.26953125 0.0771484375 0.1337890625
0 0.2919921875 0.1044921875 0.0673828125 0.1220703125