0 0.44921875 0.8349609375 0.107421875 0.1904296875
0 0.583984375 0.7861328125 0.103515625 0.18359375
0 0.404296875 0.509765625 0.095703125 0.1640625
0 0.435546875 0.3740234375 0.083984375 0.1484375
0 0.4560546875 0.1767578125 0.0703125 0.1259765625
0 0.3330078125 0.4482421875 0.087890625 0.1552734375
0 0.529296875 0.33203125 0.078125 0.1416015625
0 0.23828125 0.2744140625 0.083984375 0.1455078125
0 0.658203125 0.62890625 0.0927734375 0.1669921875
0 0.23828125 0.134765625 0.0732421875 0.130859375
0 0.3681640625 0.0244140625 0.0625 0.048828125