0 0.58984375 0.33203125 0.052734375 0.07421875
0 0.3623046875 0.44140625 0.060546875 0.0859375
0 0.4013671875 0.4677734375 0.06640625 0.09375
0 0.6767578125 0.4423828125 0.068359375 0.095703125
0 0.6474609375 0.298828125 0.05078125 0.0703125
0 0.62109375 0.4560546875 0.06640625 0.095703125
0 0.6416015625 0.3671875 0.056640625 0.080078125
0 0.75 0.2734375 0.05078125 0.0703125
0 0.6904296875 0.33984375 0.0546875 0.076171875
0 0.4921875 0.44140625 0.0625 0.087890625
0 0.798828125 0.314453125 0.056640625 0.078125
0 0.7919921875 0.3740234375 0.0625 0.0859375
0 0.4150390625 0.40234375 0.056640625 0.080078125