0 0.609375 0.5537109375 0.0546875 0.095703125
0 0.296875 0.5205078125 0.0458984375 0.0830078125
0 0.583984375 0.4501953125 0.0390625 0.072265625
0 0.544921875 0.55859375 0.052734375 0.0947265625
0 0.6171875 0.484375 0.0458984375 0.076171875
0 0.6806640625 0.466796875 0.044921875 0.078125
0 0.37109375 0.494140625 0.0458984375 0.0791015625
0 0.423828125 0.5341796875 0.0517578125 0.08984375
0 0.77734375 0.4169921875 0.0400390625 0.0693359375
0 0.8076171875 0.455078125 0.044921875 0.0751953125
0 0.7421875 0.4345703125 0.04296875 0.072265625
0 0.767578125 0.505859375 0.0498046875 0.0859375