0 0.5517578125 0.5126953125 0.064453125 0.1015625
0 0.6357421875 0.3994140625 0.0546875 0.0859375
0 0.4384765625 0.466796875 0.060546875 0.09375
0 0.3330078125 0.4833984375 0.0625 0.09765625
0 0.609375 0.34375 0.052734375 0.080078125
0 0.7021484375 0.373046875 0.0546875 0.0859375
0 0.615234375 0.5078125 0.0625 0.099609375
0 0.392578125 0.40234375 0.0546875 0.083984375
0 0.7705078125 0.3232421875 0.05078125 0.078125
0 0.8095703125 0.2978515625 0.048828125 0.076171875
0 0.6875 0.3134765625 0.048828125 0.07421875
0 0.78125 0.439453125 0.060546875 0.091796875
0 0.5791015625 0.3896484375 0.052734375 0.08203125
0 0.83203125 0.36328125 0.0546875 0.083984375