0 0.4208984375 0.46875 0.0546875 0.091796875
0 0.5400390625 0.375 0.044921875 0.07421875
0 0.2998046875 0.45703125 0.052734375 0.08984375
0 0.447265625 0.365234375 0.0390625 0.072265625
0 0.4814453125 0.392578125 0.046875 0.068359375
0 0.65625 0.361328125 0.04296875 0.072265625
0 0.4833984375 0.4599609375 0.052734375 0.08984375
0 0.6240234375 0.32421875 0.0390625 0.06640625
0 0.1953125 0.4765625 0.0546875 0.08984375
0 0.2392578125 0.421875 0.046875 0.076171875
0 0.5927734375 0.3427734375 0.041015625 0.0703125
0 0.6240234375 0.40625 0.048828125 0.083984375