0 0.435546875 0.4736328125 0.0703125 0.1015625
0 0.2138671875 0.51171875 0.068359375 0.099609375
0 0.6220703125 0.328125 0.064453125 0.09375
0 0.431640625 0.275390625 0.0546875 0.078125
0 0.41796875 0.3310546875 0.060546875 0.08984375
0 0.4931640625 0.21875 0.05078125 0.07421875
0 0.4931640625 0.44921875 0.068359375 0.1015625
0 0.474609375 0.328125 0.060546875 0.087890625
0 0.3115234375 0.4609375 0.0703125 0.1015625
0 0.5283203125 0.2802734375 0.056640625 0.08203125
0 0.2421875 0.4072265625 0.05859375 0.0859375
0 0.640625 0.2314453125 0.05859375 0.0859375
0 0.6005859375 0.16796875 0.05078125 0.076171875
0 0.57421875 0.208984375 0.0546875 0.078125