0 0.5771484375 0.8564453125 0.16015625 0.224609375
0 0.6923828125 0.7509765625 0.15625 0.21484375
0 0.498046875 0.326171875 0.1171875 0.16015625
0 0.3779296875 0.2080078125 0.103515625 0.142578125
0 0.19921875 0.390625 0.125 0.169921875
0 0.419921875 0.40625 0.123046875 0.16796875
0 0.7158203125 0.564453125 0.140625 0.19140625
0 0.4326171875 0.5517578125 0.134765625 0.185546875
0 0.34375 0.5205078125 0.12890625 0.1796875
0 0.1591796875 0.255859375 0.10546875 0.146484375
0 0.244140625 0.0888671875 0.08203125 0.087890625