0 0.3984375 0.3642578125 0.0546875 0.076171875
0 0.40625 0.466796875 0.07421875 0.099609375
0 0.4873046875 0.3466796875 0.056640625 0.078125
0 0.4375 0.3798828125 0.060546875 0.078125
0 0.453125 0.3232421875 0.052734375 0.072265625
0 0.1943359375 0.541015625 0.072265625 0.099609375
0 0.4599609375 0.44140625 0.0703125 0.09765625
0 0.287109375 0.4912109375 0.072265625 0.09765625
0 0.2197265625 0.4794921875 0.0625 0.083984375
0 0.548828125 0.2744140625 0.05078125 0.0703125
0 0.58984375 0.2978515625 0.056640625 0.078125
0 0.5263671875 0.298828125 0.0546875 0.07421875
0 0.5751953125 0.3505859375 0.064453125 0.087890625