0 0.521484375 0.5419921875 0.0517578125 0.091796875
0 0.5849609375 0.423828125 0.044921875 0.080078125
0 0.30078125 0.54296875 0.05078125 0.091796875
0 0.646484375 0.388671875 0.0439453125 0.078125
0 0.552734375 0.37109375 0.0419921875 0.0732421875
0 0.40234375 0.51171875 0.048828125 0.08984375
0 0.7314453125 0.4423828125 0.048828125 0.0849609375
0 0.5830078125 0.5302734375 0.0498046875 0.091796875
0 0.34765625 0.45703125 0.044921875 0.080078125
0 0.736328125 0.3046875 0.0390625 0.068359375
0 0.767578125 0.3642578125 0.0439453125 0.0732421875
0 0.703125 0.333984375 0.041015625 0.0732421875
0 0.623046875 0.333984375 0.0390625 0.068359375
0 0.529296875 0.419921875 0.041015625 0.0751953125