0 0.107421875 0.33984375 0.07421875 0.1015625
0 0.3447265625 0.154296875 0.064453125 0.087890625
0 0.294921875 0.1201171875 0.05859375 0.08203125
0 0.19921875 0.2802734375 0.072265625 0.09765625
0 0.3271484375 0.2685546875 0.072265625 0.099609375
0 0.3798828125 0.2412109375 0.0703125 0.09765625
0 0.390625 0.107421875 0.060546875 0.083984375
0 0.4921875 0.0556640625 0.05859375 0.08203125
0 0.12109375 0.251953125 0.064453125 0.087890625
0 0.349609375 0.0693359375 0.052734375 0.07421875
0 0.423828125 0.046875 0.056640625 0.080078125
0 0.4462890625 0.0263671875 0.048828125 0.052734375
0 0.4853515625 0.1298828125 0.060546875 0.0859375