0 0.51171875 0.48046875 0.0625 0.1015625
0 0.591796875 0.4140625 0.052734375 0.080078125
0 0.6572265625 0.4033203125 0.052734375 0.08203125
0 0.5751953125 0.482421875 0.0625 0.1015625
0 0.5634765625 0.3779296875 0.046875 0.076171875
0 0.2666015625 0.41796875 0.052734375 0.08984375
0 0.3935546875 0.443359375 0.05859375 0.09375
0 0.7578125 0.3642578125 0.046875 0.076171875
0 0.3466796875 0.3994140625 0.05078125 0.080078125
0 0.7822265625 0.4072265625 0.0546875 0.08203125
0 0.73828125 0.44921875 0.056640625 0.087890625
0 0.7197265625 0.3779296875 0.048828125 0.076171875