0 0.3974609375 0.8134765625 0.134765625 0.20703125
0 0.400390625 0.4833984375 0.1171875 0.17578125
0 0.55078125 0.326171875 0.09765625 0.150390625
0 0.4521484375 0.353515625 0.103515625 0.15625
0 0.5 0.16015625 0.087890625 0.134765625
0 0.26953125 0.2255859375 0.103515625 0.15625
0 0.3388671875 0.4111328125 0.11328125 0.171875
0 0.6357421875 0.6416015625 0.11328125 0.173828125
0 0.5390625 0.78515625 0.12890625 0.1953125
0 0.2900390625 0.0869140625 0.08984375 0.140625
0 0.4345703125 0.01171875 0.060546875 0.0234375