0 0.4619140625 0.4873046875 0.0625 0.09375
0 0.3388671875 0.46875 0.060546875 0.091796875
0 0.4599609375 0.2978515625 0.05078125 0.078125
0 0.2431640625 0.5107421875 0.064453125 0.095703125
0 0.501953125 0.3525390625 0.0546875 0.083984375
0 0.5224609375 0.25 0.046875 0.0703125
0 0.51953125 0.4716796875 0.060546875 0.095703125
0 0.2705078125 0.41015625 0.0546875 0.08203125
0 0.5556640625 0.30859375 0.05078125 0.078125
0 0.6279296875 0.20703125 0.048828125 0.072265625
0 0.6015625 0.244140625 0.048828125 0.07421875
0 0.6669921875 0.2734375 0.05078125 0.078125
0 0.6474609375 0.3623046875 0.0546875 0.083984375
0 0.447265625 0.3525390625 0.05078125 0.078125