0 0.4462890625 0.3486328125 0.0380859375 0.072265625
0 0.421875 0.451171875 0.052734375 0.0927734375
0 0.4814453125 0.3759765625 0.0439453125 0.0693359375
0 0.1953125 0.447265625 0.0517578125 0.0888671875
0 0.513671875 0.328125 0.037109375 0.06640625
0 0.4833984375 0.4443359375 0.0517578125 0.091796875
0 0.623046875 0.396484375 0.046875 0.08203125
0 0.5390625 0.3623046875 0.041015625 0.072265625
0 0.2392578125 0.3935546875 0.044921875 0.076171875
0 0.623046875 0.314453125 0.0361328125 0.0625
0 0.591796875 0.33203125 0.0390625 0.0693359375
0 0.30078125 0.431640625 0.0478515625 0.0849609375
0 0.6533203125 0.3525390625 0.0400390625 0.0712890625