0 0.33984375 0.7216796875 0.130859375 0.1953125
0 0.4794921875 0.73828125 0.126953125 0.19140625
0 0.47265625 0.3427734375 0.10546875 0.15625
0 0.40234375 0.4423828125 0.109375 0.1640625
0 0.357421875 0.365234375 0.103515625 0.15625
0 0.572265625 0.3427734375 0.095703125 0.146484375
0 0.3271484375 0.1953125 0.095703125 0.14453125
0 0.5517578125 0.1904296875 0.0859375 0.1328125
0 0.5986328125 0.6416015625 0.11328125 0.173828125
0 0.3701171875 0.083984375 0.08203125 0.125
0 0.5263671875 0.033203125 0.068359375 0.06640625