0 0.40625 0.1708984375 0.052734375 0.091796875
0 0.2802734375 0.1455078125 0.0517578125 0.0888671875
0 0.173828125 0.1748046875 0.0546875 0.091796875
0 0.4658203125 0.1611328125 0.048828125 0.091796875
0 0.515625 0.0341796875 0.04296875 0.068359375
0 0.4580078125 0.0615234375 0.044921875 0.08203125
0 0.6015625 0.0791015625 0.0458984375 0.0830078125
0 0.419921875 0.025390625 0.0419921875 0.0498046875
0 0.212890625 0.08984375 0.048828125 0.0830078125
0 0.6298828125 0.0224609375 0.041015625 0.044921875
0 0.568359375 0.0087890625 0.037109375 0.0166015625
0 0.48828125 0.0078125 0.0302734375 0.015625