0 0.734375 0.4267578125 0.048828125 0.0849609375
0 0.412109375 0.505859375 0.0498046875 0.087890625
0 0.62109375 0.3251953125 0.0380859375 0.06640625
0 0.5888671875 0.4130859375 0.0458984375 0.08203125
0 0.5908203125 0.515625 0.05078125 0.08984375
0 0.3115234375 0.537109375 0.05078125 0.0888671875
0 0.5546875 0.365234375 0.0400390625 0.0693359375
0 0.703125 0.3232421875 0.041015625 0.0712890625
0 0.734375 0.2939453125 0.0390625 0.0654296875
0 0.353515625 0.453125 0.046875 0.078125
0 0.767578125 0.3505859375 0.0419921875 0.0732421875
0 0.6484375 0.37890625 0.0419921875 0.0751953125
0 0.53125 0.5283203125 0.052734375 0.0927734375