0 0.5380859375 0.509765625 0.07421875 0.107421875
0 0.4267578125 0.4580078125 0.0703125 0.099609375
0 0.6015625 0.51953125 0.072265625 0.103515625
0 0.3046875 0.4150390625 0.064453125 0.09375
0 0.625 0.453125 0.0625 0.083984375
0 0.6025390625 0.4140625 0.052734375 0.080078125
0 0.767578125 0.5078125 0.0703125 0.095703125
0 0.6923828125 0.451171875 0.05859375 0.083984375
0 0.7978515625 0.4248046875 0.056640625 0.080078125
0 0.3837890625 0.4072265625 0.060546875 0.083984375
0 0.818359375 0.4716796875 0.060546875 0.083984375
0 0.759765625 0.4345703125 0.0546875 0.076171875