0 0.34375 0.1484375 0.0703125 0.095703125
0 0.2353515625 0.1513671875 0.07421875 0.099609375
0 0.462890625 0.19921875 0.072265625 0.1015625
0 0.4814453125 0.0908203125 0.0625 0.087890625
0 0.53515625 0.107421875 0.0625 0.087890625
0 0.5224609375 0.203125 0.068359375 0.099609375
0 0.59765625 0.0908203125 0.060546875 0.083984375
0 0.291015625 0.0791015625 0.06640625 0.091796875
0 0.712890625 0.095703125 0.05859375 0.08203125
0 0.669921875 0.1572265625 0.0625 0.08984375
0 0.5791015625 0.0380859375 0.0546875 0.0703125
0 0.6572265625 0.056640625 0.0546875 0.0703125
0 0.6884765625 0.0498046875 0.04296875 0.04296875