0 0.21484375 0.259765625 0.06640625 0.099609375
0 0.3291015625 0.087890625 0.0546875 0.08203125
0 0.341796875 0.25390625 0.06640625 0.1015625
0 0.1181640625 0.31640625 0.068359375 0.099609375
0 0.1416015625 0.220703125 0.0625 0.091796875
0 0.42578125 0.0810546875 0.056640625 0.0859375
0 0.3974609375 0.2255859375 0.064453125 0.099609375
0 0.517578125 0.1083984375 0.060546875 0.09375
0 0.375 0.1259765625 0.060546875 0.091796875
0 0.5341796875 0.0341796875 0.052734375 0.068359375
0 0.46875 0.02734375 0.046875 0.0546875
0 0.3896484375 0.041015625 0.046875 0.064453125
0 0.4970703125 0.0087890625 0.033203125 0.017578125