0 0.65234375 0.328125 0.05078125 0.0927734375
0 0.611328125 0.2412109375 0.0390625 0.0732421875
0 0.6484375 0.2626953125 0.0439453125 0.0693359375
0 0.6806640625 0.2109375 0.037109375 0.0693359375
0 0.5888671875 0.3427734375 0.0517578125 0.0927734375
0 0.4658203125 0.3427734375 0.048828125 0.087890625
0 0.796875 0.1787109375 0.0400390625 0.0693359375
0 0.3359375 0.3544921875 0.041015625 0.080078125
0 0.7646484375 0.201171875 0.041015625 0.0712890625
0 0.833984375 0.2080078125 0.044921875 0.0751953125
0 0.4072265625 0.3173828125 0.0439453125 0.076171875
0 0.8017578125 0.2568359375 0.048828125 0.0830078125