0 0.6708984375 0.40625 0.052734375 0.083984375
0 0.63671875 0.361328125 0.046875 0.072265625
0 0.73046875 0.3857421875 0.048828125 0.080078125
0 0.61328125 0.490234375 0.05859375 0.09375
0 0.673828125 0.48828125 0.05859375 0.09375
0 0.7041015625 0.3388671875 0.04296875 0.068359375
0 0.81640625 0.4384765625 0.056640625 0.0859375
0 0.81640625 0.3291015625 0.044921875 0.068359375
0 0.78515625 0.349609375 0.048828125 0.072265625
0 0.849609375 0.380859375 0.048828125 0.076171875
0 0.4931640625 0.4541015625 0.056640625 0.08984375
0 0.365234375 0.4326171875 0.048828125 0.08203125
0 0.435546875 0.4033203125 0.052734375 0.08203125