0 0.1796875 0.8720703125 0.1337890625 0.23046875
0 0.3515625 0.8134765625 0.12109375 0.21484375
0 0.25 0.619140625 0.087890625 0.15234375
0 0.2373046875 0.4541015625 0.0615234375 0.1025390625
0 0.298828125 0.521484375 0.068359375 0.1259765625
0 0.35546875 0.580078125 0.083984375 0.1484375
0 0.076171875 0.513671875 0.0595703125 0.0693359375
0 0.1162109375 0.6767578125 0.091796875 0.169921875
0 0.4609375 0.703125 0.1025390625 0.169921875
0 0.052734375 0.609375 0.087890625 0.150390625
0 0.5615234375 0.35546875 0.037109375 0.05859375
0 0.572265625 0.5458984375 0.03125 0.052734375