0 0.578125 0.5400390625 0.064453125 0.099609375
0 0.6396484375 0.3681640625 0.052734375 0.08203125
0 0.3603515625 0.501953125 0.060546875 0.095703125
0 0.46484375 0.48828125 0.060546875 0.09375
0 0.734375 0.40234375 0.0546875 0.083984375
0 0.6416015625 0.5380859375 0.0625 0.09765625
0 0.6650390625 0.427734375 0.0546875 0.0859375
0 0.720703125 0.3408203125 0.046875 0.07421875
0 0.4208984375 0.421875 0.0546875 0.087890625
0 0.845703125 0.3291015625 0.05078125 0.076171875
0 0.8046875 0.3544921875 0.05078125 0.076171875
0 0.8662109375 0.396484375 0.0546875 0.083984375
0 0.609375 0.4130859375 0.052734375 0.083984375
0 0.8125 0.474609375 0.060546875 0.08984375