0 0.2734375 0.783203125 0.123046875 0.19921875
0 0.4169921875 0.76171875 0.1171875 0.19140625
0 0.234375 0.4052734375 0.1015625 0.16796875
0 0.2939453125 0.4755859375 0.109375 0.171875
0 0.5224609375 0.6279296875 0.107421875 0.177734375
0 0.3515625 0.3564453125 0.095703125 0.154296875
0 0.2353515625 0.1689453125 0.091796875 0.1484375
0 0.1748046875 0.232421875 0.09765625 0.15234375
0 0.4521484375 0.330078125 0.091796875 0.1484375
0 0.408203125 0.1796875 0.080078125 0.134765625
0 0.3544921875 0.02734375 0.068359375 0.0546875