0 0.513671875 0.556640625 0.0517578125 0.08984375
0 0.39453125 0.5283203125 0.05078125 0.087890625
0 0.544921875 0.388671875 0.0419921875 0.072265625
0 0.578125 0.4404296875 0.044921875 0.080078125
0 0.29296875 0.556640625 0.05078125 0.0888671875
0 0.615234375 0.3505859375 0.0400390625 0.068359375
0 0.57421875 0.5458984375 0.0498046875 0.091796875
0 0.7294921875 0.3232421875 0.0390625 0.06640625
0 0.33984375 0.470703125 0.0439453125 0.0751953125
0 0.638671875 0.408203125 0.04296875 0.0751953125
0 0.759765625 0.3828125 0.0439453125 0.0732421875
0 0.5224609375 0.435546875 0.0439453125 0.076171875
0 0.6962890625 0.3544921875 0.0400390625 0.0693359375
0 0.72265625 0.4599609375 0.0458984375 0.08203125