0 0.630859375 0.37890625 0.0703125 0.1015625
0 0.7431640625 0.2744140625 0.052734375 0.078125
0 0.767578125 0.30859375 0.05859375 0.083984375
0 0.703125 0.3154296875 0.056640625 0.076171875
0 0.6708984375 0.287109375 0.05078125 0.078125
0 0.6943359375 0.380859375 0.06640625 0.09765625
0 0.86328125 0.2734375 0.052734375 0.076171875
0 0.51171875 0.3466796875 0.06640625 0.09765625
0 0.8271484375 0.2861328125 0.0546875 0.078125
0 0.3828125 0.3251953125 0.05859375 0.091796875
0 0.892578125 0.310546875 0.060546875 0.0859375
0 0.853515625 0.349609375 0.064453125 0.09375
0 0.4580078125 0.30859375 0.05859375 0.083984375