0 0.453125 0.48046875 0.0703125 0.09765625
0 0.515625 0.484375 0.0703125 0.099609375
0 0.2392578125 0.421875 0.072265625 0.1015625
0 0.5263671875 0.298828125 0.05859375 0.080078125
0 0.345703125 0.416015625 0.06640625 0.095703125
0 0.6806640625 0.298828125 0.056640625 0.080078125
0 0.7197265625 0.2744140625 0.052734375 0.076171875
0 0.603515625 0.27734375 0.052734375 0.07421875
0 0.3056640625 0.3359375 0.064453125 0.087890625
0 0.544921875 0.3662109375 0.060546875 0.087890625
0 0.611328125 0.3466796875 0.056640625 0.080078125
0 0.73046875 0.3505859375 0.056640625 0.080078125
0 0.6767578125 0.427734375 0.064453125 0.08984375
0 0.4921875 0.3466796875 0.056640625 0.083984375