0 0.5888671875 0.3369140625 0.0625 0.091796875
0 0.4091796875 0.3388671875 0.05859375 0.08984375
0 0.572265625 0.1787109375 0.044921875 0.068359375
0 0.533203125 0.3505859375 0.0625 0.091796875
0 0.515625 0.21484375 0.046875 0.072265625
0 0.673828125 0.1474609375 0.046875 0.0703125
0 0.3173828125 0.3720703125 0.0625 0.091796875
0 0.5615234375 0.2529296875 0.05078125 0.078125
0 0.3369140625 0.2998046875 0.0546875 0.083984375
0 0.7177734375 0.1923828125 0.05078125 0.07421875
0 0.611328125 0.220703125 0.048828125 0.07421875
0 0.279296875 0.34375 0.052734375 0.083984375
0 0.650390625 0.1748046875 0.046875 0.0703125
0 0.7041015625 0.255859375 0.056640625 0.08203125