0 0.3935546875 0.619140625 0.111328125 0.181640625
0 0.62109375 0.8642578125 0.123046875 0.20703125
0 0.4072265625 0.2724609375 0.080078125 0.12890625
0 0.408203125 0.47265625 0.09765625 0.15625
0 0.1904296875 0.421875 0.09765625 0.158203125
0 0.501953125 0.408203125 0.08984375 0.15234375
0 0.478515625 0.921875 0.125 0.15625
0 0.310546875 0.5732421875 0.099609375 0.169921875
0 0.6767578125 0.681640625 0.111328125 0.18359375
0 0.177734375 0.2822265625 0.083984375 0.13671875
0 0.2958984375 0.1123046875 0.072265625 0.123046875