0 0.630859375 0.263671875 0.0390625 0.072265625
0 0.7294921875 0.2578125 0.0458984375 0.0791015625
0 0.6669921875 0.28515625 0.044921875 0.0693359375
0 0.6044921875 0.3720703125 0.0498046875 0.091796875
0 0.8203125 0.19140625 0.0400390625 0.0712890625
0 0.423828125 0.3515625 0.0439453125 0.078125
0 0.7861328125 0.21484375 0.0419921875 0.072265625
0 0.3544921875 0.3916015625 0.044921875 0.0830078125
0 0.6689453125 0.3544921875 0.0517578125 0.091796875
0 0.482421875 0.3759765625 0.048828125 0.0859375
0 0.85546875 0.220703125 0.046875 0.078125
0 0.8212890625 0.2724609375 0.05078125 0.0849609375