0 0.5439453125 0.52734375 0.068359375 0.10546875
0 0.6953125 0.4619140625 0.056640625 0.08203125
0 0.609375 0.5341796875 0.06640625 0.1015625
0 0.6279296875 0.466796875 0.056640625 0.08203125
0 0.6015625 0.4296875 0.05078125 0.078125
0 0.4296875 0.482421875 0.064453125 0.09765625
0 0.3056640625 0.44921875 0.056640625 0.0859375
0 0.7724609375 0.5126953125 0.064453125 0.095703125
0 0.7978515625 0.4287109375 0.052734375 0.078125
0 0.8203125 0.47265625 0.056640625 0.08203125
0 0.384765625 0.4365234375 0.056640625 0.083984375
0 0.7587890625 0.439453125 0.0546875 0.08203125