0 0.333984375 0.5546875 0.0703125 0.09765625
0 0.5341796875 0.330078125 0.05859375 0.08203125
0 0.5458984375 0.5 0.0703125 0.099609375
0 0.423828125 0.5029296875 0.068359375 0.09765625
0 0.5791015625 0.3701171875 0.0625 0.087890625
0 0.603515625 0.474609375 0.072265625 0.1015625
0 0.59375 0.275390625 0.0546875 0.076171875
0 0.630859375 0.32421875 0.060546875 0.083984375
0 0.357421875 0.4609375 0.064453125 0.087890625
0 0.69921875 0.2197265625 0.0546875 0.07421875
0 0.7421875 0.26953125 0.060546875 0.083984375
0 0.7255859375 0.353515625 0.068359375 0.091796875
0 0.5244140625 0.380859375 0.05859375 0.083984375
0 0.673828125 0.2578125 0.056640625 0.078125