0 0.55078125 0.5107421875 0.072265625 0.10546875
0 0.669921875 0.3974609375 0.05859375 0.083984375
0 0.6142578125 0.4951171875 0.0703125 0.103515625
0 0.6083984375 0.4248046875 0.05859375 0.08203125
0 0.572265625 0.3994140625 0.052734375 0.080078125
0 0.427734375 0.5078125 0.06640625 0.099609375
0 0.2998046875 0.5185546875 0.05859375 0.087890625
0 0.7607421875 0.4189453125 0.068359375 0.095703125
0 0.755859375 0.3310546875 0.0546875 0.080078125
0 0.7919921875 0.3642578125 0.05859375 0.083984375
0 0.3701171875 0.4794921875 0.05859375 0.0859375
0 0.72265625 0.3544921875 0.056640625 0.08203125