0 0.568359375 0.2509765625 0.046875 0.072265625
0 0.6044921875 0.30859375 0.048828125 0.078125
0 0.546875 0.4072265625 0.056640625 0.091796875
0 0.6591796875 0.2880859375 0.048828125 0.076171875
0 0.6357421875 0.23046875 0.041015625 0.06640625
0 0.4306640625 0.353515625 0.052734375 0.0859375
0 0.7421875 0.2255859375 0.04296875 0.068359375
0 0.60546875 0.4072265625 0.052734375 0.08984375
0 0.3037109375 0.3203125 0.048828125 0.08203125
0 0.7119140625 0.2470703125 0.044921875 0.072265625
0 0.7724609375 0.2900390625 0.046875 0.072265625
0 0.3740234375 0.287109375 0.05078125 0.080078125
0 0.3330078125 0.3623046875 0.052734375 0.0859375
0 0.7412109375 0.357421875 0.05078125 0.08203125