0 0.6806640625 0.3525390625 0.048828125 0.07421875
0 0.64453125 0.48828125 0.064453125 0.095703125
0 0.5302734375 0.4326171875 0.0625 0.095703125
0 0.7705078125 0.392578125 0.0546875 0.080078125
0 0.7490234375 0.33984375 0.048828125 0.072265625
0 0.7099609375 0.40625 0.0546875 0.08203125
0 0.431640625 0.4306640625 0.064453125 0.095703125
0 0.8623046875 0.345703125 0.05078125 0.072265625
0 0.478515625 0.369140625 0.05859375 0.083984375
0 0.705078125 0.4951171875 0.0625 0.095703125
0 0.890625 0.4052734375 0.0546875 0.078125
0 0.8291015625 0.361328125 0.052734375 0.076171875
0 0.8515625 0.4619140625 0.060546875 0.087890625