0 0.5478515625 0.4443359375 0.048828125 0.0859375
0 0.369140625 0.419921875 0.0478515625 0.0849609375
0 0.5087890625 0.267578125 0.0419921875 0.072265625
0 0.5439453125 0.3291015625 0.04296875 0.078125
0 0.2705078125 0.4501953125 0.052734375 0.0888671875
0 0.6015625 0.2919921875 0.0419921875 0.0732421875
0 0.48828125 0.455078125 0.05078125 0.08984375
0 0.576171875 0.228515625 0.0390625 0.068359375
0 0.4892578125 0.3193359375 0.04296875 0.078125
0 0.685546875 0.2001953125 0.0390625 0.0693359375
0 0.7177734375 0.2685546875 0.041015625 0.0732421875
0 0.3095703125 0.3564453125 0.04296875 0.076171875
0 0.6552734375 0.232421875 0.0390625 0.0712890625
0 0.6865234375 0.35546875 0.044921875 0.078125