0 0.4267578125 0.4892578125 0.0517578125 0.08984375
0 0.443359375 0.388671875 0.0380859375 0.0712890625
0 0.48046875 0.4130859375 0.04296875 0.068359375
0 0.6142578125 0.3427734375 0.0361328125 0.0654296875
0 0.53515625 0.3935546875 0.041015625 0.0712890625
0 0.486328125 0.4775390625 0.048828125 0.0888671875
0 0.171875 0.48046875 0.044921875 0.080078125
0 0.244140625 0.447265625 0.0439453125 0.072265625
0 0.5078125 0.36328125 0.03515625 0.0654296875
0 0.646484375 0.3759765625 0.0400390625 0.0693359375
0 0.3056640625 0.48046875 0.046875 0.0830078125
0 0.619140625 0.421875 0.046875 0.080078125
0 0.5849609375 0.361328125 0.0361328125 0.0654296875