0 0.388671875 0.17578125 0.056640625 0.09375
0 0.26171875 0.1572265625 0.056640625 0.091796875
0 0.1572265625 0.1923828125 0.05859375 0.09375
0 0.4482421875 0.1630859375 0.052734375 0.09375
0 0.490234375 0.0341796875 0.046875 0.068359375
0 0.435546875 0.064453125 0.048828125 0.083984375
0 0.5791015625 0.07421875 0.05078125 0.0859375
0 0.3955078125 0.0302734375 0.044921875 0.052734375
0 0.19140625 0.10546875 0.052734375 0.0859375
0 0.603515625 0.01953125 0.04296875 0.0390625
0 0.5419921875 0.0068359375 0.037109375 0.013671875
0 0.462890625 0.0087890625 0.03125 0.017578125