0 0.408203125 0.384765625 0.05078125 0.076171875
0 0.4072265625 0.490234375 0.068359375 0.09765625
0 0.4482421875 0.4052734375 0.056640625 0.076171875
0 0.28515625 0.5009765625 0.06640625 0.09375
0 0.21875 0.4794921875 0.060546875 0.0859375
0 0.5703125 0.3134765625 0.048828125 0.072265625
0 0.46484375 0.470703125 0.06640625 0.09765625
0 0.15234375 0.5234375 0.060546875 0.09375
0 0.46875 0.3505859375 0.048828125 0.0703125
0 0.6083984375 0.33984375 0.052734375 0.078125
0 0.5009765625 0.3779296875 0.0546875 0.078125
0 0.5439453125 0.3359375 0.048828125 0.0703125
0 0.587890625 0.390625 0.060546875 0.0859375