0 0.5830078125 0.55859375 0.052734375 0.091796875
0 0.646484375 0.548828125 0.0517578125 0.0927734375
0 0.46484375 0.51953125 0.0498046875 0.0888671875
0 0.6552734375 0.4375 0.0458984375 0.080078125
0 0.3623046875 0.544921875 0.0517578125 0.0888671875
0 0.697265625 0.345703125 0.0419921875 0.072265625
0 0.7197265625 0.4052734375 0.044921875 0.0791015625
0 0.623046875 0.3837890625 0.041015625 0.072265625
0 0.8193359375 0.3193359375 0.041015625 0.0693359375
0 0.4130859375 0.4599609375 0.0458984375 0.078125
0 0.849609375 0.384765625 0.046875 0.078125
0 0.59765625 0.4306640625 0.04296875 0.078125
0 0.783203125 0.3505859375 0.04296875 0.0732421875
0 0.806640625 0.4677734375 0.0498046875 0.0849609375