0 0.6220703125 0.279296875 0.052734375 0.08203125
0 0.568359375 0.265625 0.052734375 0.08203125
0 0.3251953125 0.2900390625 0.056640625 0.0859375
0 0.677734375 0.263671875 0.05078125 0.078125
0 0.6533203125 0.2119140625 0.044921875 0.0703125
0 0.7294921875 0.228515625 0.048828125 0.076171875
0 0.6240234375 0.3671875 0.05859375 0.091796875
0 0.7890625 0.265625 0.05078125 0.07421875
0 0.392578125 0.26171875 0.0546875 0.083984375
0 0.7578125 0.322265625 0.056640625 0.083984375
0 0.4501953125 0.3212890625 0.0546875 0.0859375
0 0.56640625 0.3681640625 0.05859375 0.08984375
0 0.3525390625 0.328125 0.056640625 0.087890625