0 0.513671875 0.3212890625 0.044921875 0.0791015625
0 0.2392578125 0.4736328125 0.052734375 0.0888671875
0 0.4609375 0.44140625 0.0517578125 0.08984375
0 0.4765625 0.27734375 0.0419921875 0.072265625
0 0.33984375 0.431640625 0.048828125 0.087890625
0 0.54296875 0.232421875 0.0390625 0.068359375
0 0.685546875 0.244140625 0.0419921875 0.0732421875
0 0.5205078125 0.421875 0.0498046875 0.08984375
0 0.65234375 0.19140625 0.0380859375 0.068359375
0 0.6220703125 0.2236328125 0.041015625 0.072265625
0 0.5712890625 0.2822265625 0.0419921875 0.0732421875
0 0.27734375 0.384765625 0.044921875 0.078125
0 0.658203125 0.3232421875 0.044921875 0.08203125