0 0.4765625 0.5771484375 0.05859375 0.09765625
0 0.359375 0.544921875 0.0546875 0.08984375
0 0.55078125 0.4453125 0.05078125 0.083984375
0 0.25390625 0.5771484375 0.056640625 0.091796875
0 0.521484375 0.388671875 0.046875 0.078125
0 0.4951171875 0.4404296875 0.05078125 0.08203125
0 0.595703125 0.34765625 0.041015625 0.0703125
0 0.712890625 0.314453125 0.044921875 0.07421875
0 0.7392578125 0.380859375 0.048828125 0.080078125
0 0.3076171875 0.4814453125 0.05078125 0.08203125
0 0.6142578125 0.408203125 0.05078125 0.08203125
0 0.677734375 0.3466796875 0.044921875 0.076171875
0 0.5400390625 0.5634765625 0.052734375 0.091796875
0 0.6962890625 0.4658203125 0.052734375 0.087890625