0 0.6455078125 0.3212890625 0.052734375 0.08203125
0 0.6142578125 0.26953125 0.048828125 0.072265625
0 0.37890625 0.34375 0.0625 0.091796875
0 0.701171875 0.30859375 0.052734375 0.078125
0 0.783203125 0.263671875 0.048828125 0.072265625
0 0.587890625 0.4013671875 0.0625 0.09375
0 0.677734375 0.2568359375 0.05078125 0.072265625
0 0.4189453125 0.2822265625 0.05859375 0.083984375
0 0.4755859375 0.345703125 0.060546875 0.08984375
0 0.8115234375 0.322265625 0.052734375 0.07421875
0 0.779296875 0.375 0.05859375 0.083984375
0 0.3515625 0.3046875 0.052734375 0.08203125
0 0.64453125 0.4072265625 0.060546875 0.091796875
0 0.75390625 0.2802734375 0.048828125 0.072265625