0 0.634765625 0.3984375 0.0703125 0.103515625
0 0.71484375 0.3291015625 0.056640625 0.078125
0 0.685546875 0.2998046875 0.05078125 0.078125
0 0.7822265625 0.318359375 0.05859375 0.083984375
0 0.701171875 0.396484375 0.068359375 0.099609375
0 0.5166015625 0.369140625 0.064453125 0.095703125
0 0.4111328125 0.3779296875 0.064453125 0.09765625
0 0.84765625 0.2900390625 0.052734375 0.078125
0 0.466796875 0.3291015625 0.05859375 0.0859375
0 0.88671875 0.275390625 0.052734375 0.078125
0 0.9140625 0.3134765625 0.060546875 0.0859375
0 0.8681640625 0.3583984375 0.06640625 0.09375
0 0.7607421875 0.2783203125 0.05078125 0.068359375