0 0.4755859375 0.3857421875 0.052734375 0.080078125
0 0.46484375 0.4912109375 0.06640625 0.099609375
0 0.341796875 0.4931640625 0.0625 0.09375
0 0.5126953125 0.4072265625 0.0546875 0.078125
0 0.279296875 0.4658203125 0.05859375 0.0859375
0 0.5693359375 0.3818359375 0.0546875 0.080078125
0 0.2109375 0.5048828125 0.060546875 0.091796875
0 0.5244140625 0.474609375 0.064453125 0.09765625
0 0.6826171875 0.3515625 0.052734375 0.078125
0 0.6474609375 0.3193359375 0.046875 0.0703125
0 0.6171875 0.3408203125 0.05078125 0.076171875
0 0.658203125 0.4013671875 0.05859375 0.0859375