0 0.615234375 0.353515625 0.044921875 0.072265625
0 0.6259765625 0.482421875 0.056640625 0.09375
0 0.5009765625 0.4482421875 0.0546875 0.0859375
0 0.6826171875 0.48046875 0.0546875 0.08984375
0 0.67578125 0.33203125 0.04296875 0.06640625
0 0.3720703125 0.427734375 0.048828125 0.080078125
0 0.40625 0.4609375 0.0546875 0.08984375
0 0.7109375 0.37890625 0.046875 0.076171875
0 0.6611328125 0.3984375 0.046875 0.076171875
0 0.7802734375 0.322265625 0.041015625 0.06640625
0 0.4306640625 0.3974609375 0.048828125 0.078125
0 0.822265625 0.373046875 0.046875 0.072265625
0 0.7548828125 0.3427734375 0.04296875 0.0703125
0 0.806640625 0.427734375 0.052734375 0.08203125