0 0.58203125 0.5302734375 0.052734375 0.0947265625
0 0.623046875 0.3525390625 0.0439453125 0.078125
0 0.361328125 0.5185546875 0.05078125 0.08984375
0 0.4638671875 0.4921875 0.0498046875 0.087890625
0 0.720703125 0.375 0.044921875 0.078125
0 0.6455078125 0.5205078125 0.05078125 0.0927734375
0 0.6552734375 0.408203125 0.0458984375 0.080078125
0 0.69921875 0.3154296875 0.0390625 0.0693359375
0 0.412109375 0.431640625 0.0458984375 0.08203125
0 0.822265625 0.2880859375 0.0419921875 0.0712890625
0 0.78515625 0.318359375 0.04296875 0.072265625
0 0.8505859375 0.3525390625 0.0458984375 0.078125
0 0.59765625 0.400390625 0.0439453125 0.0791015625
0 0.806640625 0.4365234375 0.0498046875 0.0849609375