0 0.595703125 0.283203125 0.041015625 0.07421875
0 0.6640625 0.2587890625 0.041015625 0.0703125
0 0.693359375 0.2890625 0.046875 0.078125
0 0.453125 0.37109375 0.052734375 0.08984375
0 0.6337890625 0.30859375 0.046875 0.0703125
0 0.779296875 0.2373046875 0.041015625 0.0703125
0 0.7470703125 0.2568359375 0.04296875 0.0703125
0 0.3212890625 0.37109375 0.044921875 0.083984375
0 0.638671875 0.3740234375 0.052734375 0.08984375
0 0.8125 0.271484375 0.048828125 0.078125
0 0.576171875 0.3818359375 0.056640625 0.09375
0 0.783203125 0.3173828125 0.05078125 0.083984375
0 0.3916015625 0.3388671875 0.046875 0.080078125