0 0.416015625 0.8076171875 0.103515625 0.181640625
0 0.2724609375 0.837890625 0.1083984375 0.1884765625
0 0.2724609375 0.53125 0.0927734375 0.1572265625
0 0.2080078125 0.466796875 0.0908203125 0.158203125
0 0.5126953125 0.669921875 0.0908203125 0.162109375
0 0.421875 0.3828125 0.076171875 0.1376953125
0 0.322265625 0.4091796875 0.08203125 0.142578125
0 0.3671875 0.2353515625 0.068359375 0.1240234375
0 0.13671875 0.298828125 0.0869140625 0.1416015625
0 0.19140625 0.234375 0.078125 0.1337890625
0 0.302734375 0.0556640625 0.0615234375 0.111328125