0 0.51171875 0.40234375 0.1171875 0.1640625
0 0.2744140625 0.51171875 0.13671875 0.189453125
0 0.45703125 0.248046875 0.103515625 0.142578125
0 0.4033203125 0.4404296875 0.126953125 0.171875
0 0.203125 0.333984375 0.126953125 0.173828125
0 0.341796875 0.8935546875 0.15234375 0.177734375
0 0.3447265625 0.578125 0.138671875 0.193359375
0 0.6044921875 0.7099609375 0.138671875 0.1953125
0 0.4951171875 0.8740234375 0.15625 0.220703125
0 0.2294921875 0.1953125 0.107421875 0.1484375
0 0.3935546875 0.06640625 0.095703125 0.1328125