0 0.6435546875 0.841796875 0.123046875 0.203125
0 0.439453125 0.4482421875 0.099609375 0.158203125
0 0.4345703125 0.24609375 0.083984375 0.1328125
0 0.52734375 0.3876953125 0.091796875 0.150390625
0 0.42578125 0.5947265625 0.11328125 0.177734375
0 0.2294921875 0.3916015625 0.095703125 0.154296875
0 0.51171875 0.908203125 0.125 0.18359375
0 0.3447265625 0.544921875 0.107421875 0.171875
0 0.6982421875 0.6650390625 0.109375 0.17578125
0 0.2138671875 0.251953125 0.083984375 0.13671875
0 0.32421875 0.078125 0.07421875 0.126953125