0 0.5009765625 0.55859375 0.0703125 0.099609375
0 0.390625 0.50390625 0.068359375 0.09765625
0 0.568359375 0.4013671875 0.056640625 0.080078125
0 0.58984375 0.4599609375 0.0625 0.087890625
0 0.28515625 0.5087890625 0.0703125 0.09765625
0 0.6455078125 0.3798828125 0.0546875 0.076171875
0 0.5615234375 0.5615234375 0.068359375 0.1015625
0 0.763671875 0.3798828125 0.052734375 0.07421875
0 0.3505859375 0.435546875 0.060546875 0.083984375
0 0.65625 0.44140625 0.05859375 0.08203125
0 0.779296875 0.4443359375 0.05859375 0.08203125
0 0.5361328125 0.4423828125 0.060546875 0.083984375
0 0.7236328125 0.40234375 0.0546875 0.076171875
0 0.7255859375 0.5107421875 0.0625 0.08984375