0 0.49609375 0.4951171875 0.06640625 0.099609375
0 0.533203125 0.369140625 0.056640625 0.0859375
0 0.5517578125 0.2763671875 0.05078125 0.07421875
0 0.3740234375 0.4912109375 0.0625 0.09375
0 0.5537109375 0.470703125 0.0625 0.09765625
0 0.65625 0.2275390625 0.05078125 0.07421875
0 0.4921875 0.326171875 0.052734375 0.078125
0 0.6982421875 0.2763671875 0.0546875 0.078125
0 0.28125 0.541015625 0.064453125 0.095703125
0 0.3076171875 0.44921875 0.056640625 0.0859375
0 0.6298828125 0.2607421875 0.052734375 0.078125
0 0.587890625 0.32421875 0.052734375 0.080078125
0 0.6796875 0.3583984375 0.060546875 0.091796875