0 0.619140625 0.3935546875 0.0625 0.08984375
0 0.673828125 0.345703125 0.0625 0.087890625
0 0.6357421875 0.5029296875 0.0703125 0.1015625
0 0.576171875 0.52734375 0.072265625 0.1015625
0 0.3291015625 0.533203125 0.06640625 0.091796875
0 0.453125 0.51953125 0.068359375 0.09765625
0 0.5751953125 0.3486328125 0.056640625 0.080078125
0 0.6396484375 0.29296875 0.0546875 0.076171875
0 0.3896484375 0.4716796875 0.060546875 0.083984375
0 0.79296875 0.294921875 0.060546875 0.083984375
0 0.7236328125 0.27734375 0.056640625 0.080078125
0 0.75 0.23828125 0.056640625 0.080078125
0 0.771484375 0.3837890625 0.068359375 0.09375
0 0.5615234375 0.3994140625 0.05859375 0.083984375