0 0.1435546875 0.3369140625 0.05859375 0.09375
0 0.4716796875 0.1240234375 0.046875 0.078125
0 0.3759765625 0.1240234375 0.046875 0.078125
0 0.2451171875 0.2861328125 0.056640625 0.091796875
0 0.4287109375 0.2666015625 0.0546875 0.09375
0 0.439453125 0.0751953125 0.044921875 0.07421875
0 0.1767578125 0.244140625 0.052734375 0.087890625
0 0.416015625 0.166015625 0.05078125 0.0859375
0 0.546875 0.033203125 0.04296875 0.06640625
0 0.5849609375 0.0791015625 0.046875 0.078125
0 0.5595703125 0.158203125 0.05078125 0.087890625
0 0.369140625 0.2890625 0.056640625 0.095703125
0 0.5185546875 0.060546875 0.044921875 0.078125