0 0.6337890625 0.4482421875 0.064453125 0.09765625
0 0.5068359375 0.42578125 0.060546875 0.08984375
0 0.7099609375 0.3349609375 0.052734375 0.080078125
0 0.689453125 0.4404296875 0.0625 0.095703125
0 0.6123046875 0.3203125 0.048828125 0.072265625
0 0.3759765625 0.4169921875 0.056640625 0.08203125
0 0.669921875 0.2939453125 0.046875 0.068359375
0 0.4130859375 0.4462890625 0.0625 0.09375
0 0.6611328125 0.3603515625 0.052734375 0.080078125
0 0.8212890625 0.3203125 0.052734375 0.078125
0 0.4326171875 0.3798828125 0.0546875 0.08203125
0 0.75 0.294921875 0.05078125 0.072265625
0 0.8095703125 0.3779296875 0.060546875 0.087890625