0 0.455078125 0.8427734375 0.107421875 0.1943359375
0 0.41015625 0.5126953125 0.0947265625 0.1640625
0 0.4609375 0.1767578125 0.0703125 0.1259765625
0 0.44140625 0.3759765625 0.083984375 0.1474609375
0 0.2421875 0.27734375 0.083984375 0.1484375
0 0.53515625 0.3330078125 0.0791015625 0.1416015625
0 0.337890625 0.4521484375 0.087890625 0.1572265625
0 0.6640625 0.6337890625 0.0947265625 0.1708984375
0 0.244140625 0.138671875 0.0732421875 0.1318359375
0 0.58984375 0.7919921875 0.1015625 0.181640625
0 0.37109375 0.025390625 0.0615234375 0.0498046875