0 0.59375 0.4140625 0.0625 0.09375
0 0.5732421875 0.2841796875 0.048828125 0.072265625
0 0.6318359375 0.255859375 0.046875 0.068359375
0 0.650390625 0.404296875 0.060546875 0.091796875
0 0.375 0.4169921875 0.0625 0.091796875
0 0.62109375 0.3232421875 0.052734375 0.078125
0 0.337890625 0.388671875 0.0546875 0.083984375
0 0.4677734375 0.3935546875 0.060546875 0.091796875
0 0.734375 0.232421875 0.046875 0.068359375
0 0.765625 0.3369140625 0.05859375 0.0859375
0 0.779296875 0.279296875 0.05078125 0.07421875
0 0.671875 0.2978515625 0.05078125 0.076171875
0 0.3955078125 0.3505859375 0.052734375 0.078125