0 0.576171875 0.666015625 0.142578125 0.220703125
0 0.3662109375 0.4169921875 0.125 0.19140625
0 0.4033203125 0.283203125 0.111328125 0.1640625
0 0.28125 0.3671875 0.1171875 0.1875
0 0.509765625 0.236328125 0.103515625 0.1640625
0 0.42578125 0.1005859375 0.091796875 0.142578125
0 0.173828125 0.21484375 0.1171875 0.17578125
0 0.66015625 0.5029296875 0.125 0.193359375
0 0.416015625 0.7421875 0.146484375 0.234375
0 0.1767578125 0.078125 0.091796875 0.13671875
0 0.3232421875 0.0078125 0.068359375 0.015625