0 0.5263671875 0.4775390625 0.07421875 0.1015625
0 0.314453125 0.5390625 0.072265625 0.099609375
0 0.515625 0.3037109375 0.060546875 0.083984375
0 0.5830078125 0.451171875 0.072265625 0.1015625
0 0.404296875 0.4814453125 0.068359375 0.09765625
0 0.5595703125 0.3447265625 0.0625 0.087890625
0 0.5751953125 0.2470703125 0.0546875 0.07421875
0 0.61328125 0.294921875 0.0625 0.083984375
0 0.6796875 0.1865234375 0.0546875 0.076171875
0 0.337890625 0.4423828125 0.06640625 0.087890625
0 0.654296875 0.2236328125 0.05859375 0.080078125
0 0.7080078125 0.32421875 0.068359375 0.09375
0 0.724609375 0.236328125 0.060546875 0.083984375
0 0.505859375 0.3564453125 0.060546875 0.0859375