0 0.1962890625 0.205078125 0.064453125 0.095703125
0 0.4853515625 0.12109375 0.0546875 0.083984375
0 0.4521484375 0.0712890625 0.048828125 0.078125
0 0.3037109375 0.18359375 0.0625 0.09375
0 0.42578125 0.220703125 0.060546875 0.095703125
0 0.4853515625 0.21484375 0.05859375 0.09375
0 0.5458984375 0.095703125 0.05078125 0.080078125
0 0.6591796875 0.0849609375 0.048828125 0.078125
0 0.2412109375 0.1279296875 0.0546875 0.083984375
0 0.521484375 0.0439453125 0.044921875 0.0703125
0 0.599609375 0.0517578125 0.048828125 0.076171875
0 0.62890625 0.0380859375 0.04296875 0.0546875
0 0.625 0.1513671875 0.05078125 0.08203125