0 0.6328125 0.482421875 0.05078125 0.087890625
0 0.630859375 0.3525390625 0.0390625 0.06640625
0 0.509765625 0.439453125 0.048828125 0.08203125
0 0.6728515625 0.3994140625 0.04296875 0.076171875
0 0.416015625 0.4423828125 0.048828125 0.0859375
0 0.7265625 0.3837890625 0.04296875 0.072265625
0 0.6904296875 0.4833984375 0.048828125 0.0859375
0 0.3828125 0.4072265625 0.046875 0.078125
0 0.6923828125 0.3359375 0.037109375 0.064453125
0 0.798828125 0.3330078125 0.037109375 0.0625
0 0.837890625 0.3857421875 0.04296875 0.0703125
0 0.8173828125 0.4404296875 0.046875 0.078125
0 0.4443359375 0.3837890625 0.04296875 0.07421875