0 0.505859375 0.2783203125 0.044921875 0.07421875
0 0.498046875 0.462890625 0.052734375 0.08984375
0 0.3779296875 0.4345703125 0.052734375 0.0859375
0 0.5458984375 0.333984375 0.046875 0.078125
0 0.572265625 0.2353515625 0.041015625 0.0703125
0 0.28125 0.470703125 0.0546875 0.08984375
0 0.5556640625 0.4501953125 0.05078125 0.087890625
0 0.6796875 0.201171875 0.041015625 0.068359375
0 0.650390625 0.2353515625 0.04296875 0.072265625
0 0.4912109375 0.3291015625 0.044921875 0.078125
0 0.71484375 0.267578125 0.044921875 0.07421875
0 0.314453125 0.375 0.044921875 0.078125
0 0.6015625 0.2958984375 0.04296875 0.07421875
0 0.6875 0.3544921875 0.048828125 0.080078125