0 0.4736328125 0.4697265625 0.06640625 0.09765625
0 0.529296875 0.4462890625 0.064453125 0.095703125
0 0.3505859375 0.4560546875 0.064453125 0.091796875
0 0.505859375 0.333984375 0.05859375 0.0859375
0 0.4599609375 0.283203125 0.0546875 0.078125
0 0.2568359375 0.5048828125 0.06640625 0.095703125
0 0.2783203125 0.404296875 0.060546875 0.0859375
0 0.5185546875 0.23046875 0.048828125 0.072265625
0 0.62109375 0.181640625 0.048828125 0.072265625
0 0.5966796875 0.220703125 0.052734375 0.078125
0 0.6650390625 0.244140625 0.0546875 0.078125
0 0.5556640625 0.2880859375 0.056640625 0.083984375
0 0.4501953125 0.3369140625 0.0546875 0.08203125
0 0.6494140625 0.333984375 0.060546875 0.087890625