0 0.462890625 0.537109375 0.0517578125 0.0888671875
0 0.5234375 0.5283203125 0.0498046875 0.08984375
0 0.494140625 0.3427734375 0.0419921875 0.072265625
0 0.240234375 0.5263671875 0.052734375 0.0888671875
0 0.587890625 0.37109375 0.0419921875 0.0751953125
0 0.677734375 0.27734375 0.041015625 0.0693359375
0 0.287109375 0.4287109375 0.044921875 0.0751953125
0 0.34375 0.498046875 0.05078125 0.08984375
0 0.5654296875 0.3046875 0.0380859375 0.068359375
0 0.52734375 0.4052734375 0.044921875 0.078125
0 0.64453125 0.3115234375 0.041015625 0.072265625
0 0.7060546875 0.349609375 0.041015625 0.072265625
0 0.470703125 0.3974609375 0.0419921875 0.0751953125
0 0.669921875 0.4384765625 0.044921875 0.0791015625