0 0.470703125 0.478515625 0.0546875 0.091796875
0 0.251953125 0.4853515625 0.05859375 0.08984375
0 0.5205078125 0.345703125 0.048828125 0.078125
0 0.576171875 0.3056640625 0.048828125 0.078125
0 0.546875 0.244140625 0.04296875 0.0703125
0 0.4814453125 0.2880859375 0.044921875 0.072265625
0 0.3515625 0.44921875 0.05078125 0.0859375
0 0.5302734375 0.4638671875 0.0546875 0.091796875
0 0.2861328125 0.38671875 0.05078125 0.08203125
0 0.6552734375 0.208984375 0.041015625 0.068359375
0 0.4658203125 0.3408203125 0.048828125 0.080078125
0 0.6904296875 0.27734375 0.044921875 0.07421875
0 0.6259765625 0.244140625 0.044921875 0.07421875
0 0.6640625 0.365234375 0.05078125 0.08203125