0 0.6796875 0.2841796875 0.052734375 0.072265625
0 0.64453125 0.259765625 0.044921875 0.07421875
0 0.6787109375 0.349609375 0.060546875 0.09765625
0 0.7158203125 0.23828125 0.04296875 0.0703125
0 0.7412109375 0.2705078125 0.05078125 0.078125
0 0.8349609375 0.2236328125 0.044921875 0.07421875
0 0.615234375 0.357421875 0.05859375 0.09375
0 0.7998046875 0.240234375 0.046875 0.07421875
0 0.8681640625 0.2578125 0.052734375 0.078125
0 0.361328125 0.3330078125 0.046875 0.083984375
0 0.4921875 0.341796875 0.0546875 0.087890625
0 0.8330078125 0.3017578125 0.056640625 0.087890625
0 0.4345703125 0.306640625 0.05078125 0.080078125