0 0.6025390625 0.326171875 0.068359375 0.09765625
0 0.5244140625 0.189453125 0.052734375 0.078125
0 0.416015625 0.3173828125 0.064453125 0.09375
0 0.6904296875 0.1240234375 0.0546875 0.076171875
0 0.5439453125 0.3359375 0.068359375 0.1015625
0 0.6259765625 0.2021484375 0.060546875 0.083984375
0 0.57421875 0.2333984375 0.060546875 0.0859375
0 0.583984375 0.1552734375 0.05078125 0.07421875
0 0.3408203125 0.26953125 0.0625 0.087890625
0 0.3212890625 0.3447265625 0.06640625 0.095703125
0 0.283203125 0.314453125 0.060546875 0.087890625
0 0.7236328125 0.24609375 0.06640625 0.091796875
0 0.73828125 0.177734375 0.056640625 0.080078125
0 0.666015625 0.15234375 0.052734375 0.076171875