0 0.689453125 0.314453125 0.05078125 0.072265625
0 0.6533203125 0.291015625 0.044921875 0.07421875
0 0.6259765625 0.38671875 0.060546875 0.09765625
0 0.6884765625 0.3798828125 0.060546875 0.09765625
0 0.8076171875 0.2744140625 0.046875 0.07421875
0 0.7236328125 0.2724609375 0.046875 0.07421875
0 0.5029296875 0.3662109375 0.056640625 0.08984375
0 0.75 0.3046875 0.05078125 0.078125
0 0.8427734375 0.2587890625 0.04296875 0.072265625
0 0.3720703125 0.357421875 0.048828125 0.083984375
0 0.876953125 0.29296875 0.05078125 0.078125
0 0.4443359375 0.33203125 0.048828125 0.080078125
0 0.8427734375 0.3359375 0.056640625 0.087890625