0 0.658203125 0.3740234375 0.0419921875 0.0732421875
0 0.6171875 0.326171875 0.0380859375 0.0634765625
0 0.6171875 0.4580078125 0.048828125 0.087890625
0 0.49609375 0.412109375 0.046875 0.0830078125
0 0.6806640625 0.3115234375 0.0361328125 0.0634765625
0 0.369140625 0.380859375 0.044921875 0.0791015625
0 0.712890625 0.359375 0.041015625 0.0712890625
0 0.4013671875 0.4169921875 0.0458984375 0.0849609375
0 0.8232421875 0.361328125 0.04296875 0.0712890625
0 0.78515625 0.30859375 0.0361328125 0.0625
0 0.80078125 0.4169921875 0.0478515625 0.080078125
0 0.6748046875 0.458984375 0.0458984375 0.08203125
0 0.4306640625 0.35546875 0.0400390625 0.072265625