0 0.4892578125 0.142578125 0.052734375 0.078125
0 0.462890625 0.283203125 0.064453125 0.095703125
0 0.5234375 0.1923828125 0.052734375 0.08203125
0 0.23828125 0.2578125 0.064453125 0.09375
0 0.283203125 0.1865234375 0.05859375 0.0859375
0 0.580078125 0.1708984375 0.052734375 0.078125
0 0.6650390625 0.1123046875 0.046875 0.0703125
0 0.6923828125 0.1650390625 0.052734375 0.078125
0 0.5576171875 0.1201171875 0.046875 0.0703125
0 0.5205078125 0.28125 0.060546875 0.091796875
0 0.2099609375 0.21875 0.056640625 0.0859375
0 0.34375 0.244140625 0.064453125 0.095703125
0 0.634765625 0.1328125 0.046875 0.072265625
0 0.6591796875 0.2275390625 0.0546875 0.08203125