0 0.302734375 0.5205078125 0.060546875 0.09375
0 0.5810546875 0.470703125 0.05859375 0.095703125
0 0.5732421875 0.3623046875 0.0546875 0.083984375
0 0.400390625 0.4765625 0.05859375 0.091796875
0 0.53515625 0.31640625 0.048828125 0.07421875
0 0.6015625 0.2685546875 0.044921875 0.072265625
0 0.630859375 0.3203125 0.052734375 0.08203125
0 0.712890625 0.22265625 0.046875 0.0703125
0 0.33984375 0.4296875 0.05078125 0.080078125
0 0.5205078125 0.4912109375 0.05859375 0.09375
0 0.517578125 0.3642578125 0.052734375 0.083984375
0 0.720703125 0.3623046875 0.056640625 0.08984375
0 0.75 0.2783203125 0.05078125 0.080078125
0 0.6826171875 0.2578125 0.048828125 0.07421875