0 0.4326171875 0.4970703125 0.06640625 0.099609375
0 0.2099609375 0.5302734375 0.068359375 0.09765625
0 0.533203125 0.30859375 0.056640625 0.0859375
0 0.4365234375 0.302734375 0.0546875 0.080078125
0 0.30859375 0.4814453125 0.064453125 0.095703125
0 0.4921875 0.474609375 0.064453125 0.09765625
0 0.609375 0.2021484375 0.05078125 0.07421875
0 0.5009765625 0.2509765625 0.048828125 0.07421875
0 0.2431640625 0.4267578125 0.056640625 0.083984375
0 0.5810546875 0.240234375 0.052734375 0.078125
0 0.6474609375 0.2646484375 0.0546875 0.08203125
0 0.4775390625 0.3564453125 0.0546875 0.083984375
0 0.4208984375 0.357421875 0.056640625 0.0859375
0 0.6240234375 0.3583984375 0.05859375 0.087890625