0 0.61328125 0.5439453125 0.0625 0.099609375
0 0.2998046875 0.5380859375 0.052734375 0.0859375
0 0.5791015625 0.443359375 0.044921875 0.076171875
0 0.5498046875 0.5546875 0.060546875 0.099609375
0 0.615234375 0.474609375 0.052734375 0.080078125
0 0.6767578125 0.451171875 0.05078125 0.08203125
0 0.37109375 0.505859375 0.052734375 0.08203125
0 0.4267578125 0.541015625 0.05859375 0.09375
0 0.76953125 0.3935546875 0.046875 0.072265625
0 0.802734375 0.4287109375 0.05078125 0.078125
0 0.7353515625 0.4140625 0.048828125 0.076171875
0 0.7666015625 0.482421875 0.056640625 0.08984375