0 0.435546875 0.3525390625 0.0390625 0.0732421875
0 0.41015625 0.4560546875 0.052734375 0.0927734375
0 0.4716796875 0.44921875 0.05078125 0.08984375
0 0.2880859375 0.4384765625 0.05078125 0.0859375
0 0.470703125 0.3798828125 0.0439453125 0.068359375
0 0.61328125 0.3154296875 0.037109375 0.06640625
0 0.529296875 0.365234375 0.041015625 0.072265625
0 0.6435546875 0.3525390625 0.0419921875 0.0732421875
0 0.2265625 0.40234375 0.0478515625 0.0791015625
0 0.50390625 0.33203125 0.037109375 0.06640625
0 0.1513671875 0.43359375 0.0458984375 0.0830078125
0 0.6142578125 0.3955078125 0.046875 0.08203125
0 0.58203125 0.3349609375 0.0380859375 0.06640625