0 0.54296875 0.3759765625 0.041015625 0.072265625
0 0.5693359375 0.4765625 0.052734375 0.09375
0 0.2578125 0.4638671875 0.046875 0.08203125
0 0.576171875 0.4052734375 0.046875 0.07421875
0 0.38671875 0.4677734375 0.05078125 0.08984375
0 0.6376953125 0.3857421875 0.04296875 0.07421875
0 0.33203125 0.4306640625 0.046875 0.080078125
0 0.724609375 0.4169921875 0.05078125 0.0859375
0 0.7607421875 0.369140625 0.04296875 0.072265625
0 0.5068359375 0.4853515625 0.05078125 0.08984375
0 0.73046875 0.33203125 0.041015625 0.0703125
0 0.6962890625 0.3525390625 0.0390625 0.0703125