0 0.6064453125 0.4296875 0.048828125 0.087890625
0 0.6064453125 0.298828125 0.0380859375 0.06640625
0 0.66796875 0.279296875 0.037109375 0.0634765625
0 0.6630859375 0.4287109375 0.048828125 0.0849609375
0 0.3896484375 0.3984375 0.048828125 0.0859375
0 0.6474609375 0.3447265625 0.041015625 0.0732421875
0 0.357421875 0.3642578125 0.04296875 0.078125
0 0.484375 0.3896484375 0.046875 0.0849609375
0 0.7734375 0.2724609375 0.037109375 0.0625
0 0.7880859375 0.380859375 0.046875 0.0791015625
0 0.810546875 0.326171875 0.041015625 0.0693359375
0 0.701171875 0.3271484375 0.041015625 0.0712890625
0 0.419921875 0.3359375 0.041015625 0.072265625