0 0.43359375 0.1484375 0.041015625 0.072265625
0 0.4296875 0.2919921875 0.05078125 0.0888671875
0 0.474609375 0.1923828125 0.0419921875 0.076171875
0 0.2041015625 0.3017578125 0.05078125 0.0859375
0 0.2373046875 0.224609375 0.046875 0.0791015625
0 0.52734375 0.162109375 0.041015625 0.0732421875
0 0.6025390625 0.0908203125 0.037109375 0.0654296875
0 0.6376953125 0.138671875 0.041015625 0.072265625
0 0.4970703125 0.1162109375 0.037109375 0.0654296875
0 0.486328125 0.2802734375 0.0478515625 0.0859375
0 0.169921875 0.267578125 0.044921875 0.080078125
0 0.3056640625 0.271484375 0.0517578125 0.087890625
0 0.5751953125 0.1162109375 0.037109375 0.06640625
0 0.6142578125 0.2060546875 0.04296875 0.076171875