0 0.3310546875 0.71484375 0.134765625 0.212890625
0 0.2587890625 0.478515625 0.0859375 0.140625
0 0.3662109375 0.5703125 0.10546875 0.150390625
0 0.490234375 0.7158203125 0.1328125 0.2109375
0 0.44140625 0.4736328125 0.08203125 0.09765625
0 0.3046875 0.5458984375 0.09375 0.158203125
0 0.2939453125 0.4052734375 0.056640625 0.064453125
0 0.529296875 0.5263671875 0.09375 0.146484375
0 0.4404296875 0.392578125 0.06640625 0.09375
0 0.4287109375 0.5322265625 0.095703125 0.150390625
0 0.4873046875 0.46484375 0.07421875 0.125
0 0.3232421875 0.4423828125 0.07421875 0.099609375
0 0.6083984375 0.6474609375 0.115234375 0.158203125