0 0.533203125 0.5439453125 0.05859375 0.099609375
0 0.607421875 0.4697265625 0.052734375 0.080078125
0 0.412109375 0.5205078125 0.05859375 0.095703125
0 0.28515625 0.5068359375 0.05078125 0.087890625
0 0.578125 0.4375 0.044921875 0.076171875
0 0.6728515625 0.4541015625 0.05078125 0.080078125
0 0.7705078125 0.40625 0.04296875 0.072265625
0 0.5966796875 0.5400390625 0.05859375 0.09765625
0 0.798828125 0.4462890625 0.05078125 0.080078125
0 0.734375 0.4248046875 0.046875 0.07421875
0 0.3623046875 0.4814453125 0.048828125 0.08203125
0 0.7568359375 0.4931640625 0.0546875 0.087890625