0 0.5146484375 0.1904296875 0.0546875 0.080078125
0 0.53125 0.34375 0.06640625 0.09765625
0 0.4033203125 0.3193359375 0.064453125 0.09375
0 0.2705078125 0.3115234375 0.060546875 0.08984375
0 0.5625 0.2392578125 0.05859375 0.0859375
0 0.5888671875 0.33203125 0.064453125 0.095703125
0 0.5732421875 0.15625 0.048828125 0.072265625
0 0.30859375 0.34765625 0.064453125 0.095703125
0 0.6806640625 0.1298828125 0.048828125 0.072265625
0 0.7265625 0.185546875 0.0546875 0.078125
0 0.6552734375 0.1572265625 0.05078125 0.07421875
0 0.6142578125 0.20703125 0.052734375 0.078125
0 0.7109375 0.255859375 0.05859375 0.0859375
0 0.330078125 0.2685546875 0.0546875 0.08203125