0 0.435546875 0.607421875 0.123046875 0.1796875
0 0.6728515625 0.8369140625 0.138671875 0.205078125
0 0.544921875 0.908203125 0.13671875 0.18359375
0 0.4189453125 0.267578125 0.091796875 0.134765625
0 0.5224609375 0.3984375 0.1015625 0.15234375
0 0.353515625 0.56640625 0.119140625 0.17578125
0 0.2255859375 0.423828125 0.107421875 0.158203125
0 0.439453125 0.46484375 0.109375 0.16015625
0 0.7119140625 0.6572265625 0.123046875 0.181640625
0 0.2001953125 0.2880859375 0.09375 0.138671875
0 0.294921875 0.111328125 0.083984375 0.125