0 0.4599609375 0.251953125 0.048828125 0.076171875
0 0.5546875 0.263671875 0.05078125 0.08203125
0 0.43359375 0.41796875 0.060546875 0.099609375
0 0.4951171875 0.4013671875 0.060546875 0.099609375
0 0.640625 0.1767578125 0.044921875 0.072265625
0 0.4951171875 0.2998046875 0.052734375 0.0859375
0 0.1806640625 0.40234375 0.056640625 0.08984375
0 0.63671875 0.3076171875 0.056640625 0.08984375
0 0.6083984375 0.2099609375 0.046875 0.076171875
0 0.529296875 0.2119140625 0.046875 0.072265625
0 0.314453125 0.3984375 0.060546875 0.095703125
0 0.25390625 0.349609375 0.0546875 0.083984375
0 0.671875 0.2314453125 0.048828125 0.078125