0 0.6767578125 0.41796875 0.05859375 0.0859375
0 0.6455078125 0.37109375 0.05078125 0.07421875
0 0.7373046875 0.40234375 0.0546875 0.08203125
0 0.61328125 0.498046875 0.064453125 0.09765625
0 0.6748046875 0.5 0.064453125 0.095703125
0 0.71484375 0.353515625 0.048828125 0.0703125
0 0.8203125 0.4599609375 0.0625 0.08984375
0 0.828125 0.3515625 0.048828125 0.0703125
0 0.794921875 0.369140625 0.052734375 0.07421875
0 0.8564453125 0.4052734375 0.0546875 0.078125
0 0.49609375 0.4541015625 0.0625 0.091796875
0 0.37109375 0.423828125 0.0546875 0.083984375
0 0.4423828125 0.3984375 0.05859375 0.083984375