0 0.4677734375 0.517578125 0.052734375 0.091796875
0 0.3486328125 0.4794921875 0.0498046875 0.087890625
0 0.529296875 0.5048828125 0.05078125 0.08984375
0 0.2451171875 0.5126953125 0.052734375 0.091796875
0 0.5 0.3212890625 0.041015625 0.072265625
0 0.5712890625 0.27734375 0.0390625 0.068359375
0 0.677734375 0.4072265625 0.0478515625 0.0849609375
0 0.685546875 0.2451171875 0.0390625 0.068359375
0 0.4765625 0.3740234375 0.044921875 0.0791015625
0 0.59375 0.3427734375 0.04296875 0.076171875
0 0.291015625 0.4130859375 0.046875 0.08203125
0 0.71484375 0.31640625 0.0439453125 0.076171875
0 0.5341796875 0.380859375 0.04296875 0.076171875
0 0.65234375 0.28125 0.0400390625 0.0712890625