0 0.662109375 0.283203125 0.044921875 0.0703125
0 0.6015625 0.3701171875 0.0546875 0.095703125
0 0.625 0.263671875 0.0390625 0.072265625
0 0.724609375 0.2568359375 0.046875 0.076171875
0 0.814453125 0.1865234375 0.0390625 0.072265625
0 0.3505859375 0.39453125 0.044921875 0.083984375
0 0.78125 0.2119140625 0.04296875 0.072265625
0 0.6640625 0.3525390625 0.052734375 0.091796875
0 0.478515625 0.3779296875 0.05078125 0.0859375
0 0.4208984375 0.353515625 0.046875 0.080078125
0 0.8505859375 0.216796875 0.046875 0.078125
0 0.81640625 0.2685546875 0.052734375 0.0859375