0 0.55078125 0.4921875 0.060546875 0.099609375
0 0.607421875 0.3642578125 0.052734375 0.0859375
0 0.611328125 0.47265625 0.05859375 0.09765625
0 0.4287109375 0.4736328125 0.056640625 0.091796875
0 0.5712890625 0.3134765625 0.046875 0.07421875
0 0.3310546875 0.513671875 0.056640625 0.09375
0 0.6689453125 0.322265625 0.05078125 0.08203125
0 0.7548828125 0.22265625 0.046875 0.07421875
0 0.5517578125 0.3642578125 0.05078125 0.083984375
0 0.640625 0.267578125 0.046875 0.072265625
0 0.373046875 0.421875 0.05078125 0.08203125
0 0.7236328125 0.259765625 0.05078125 0.080078125
0 0.791015625 0.2822265625 0.05078125 0.078125
0 0.7578125 0.3681640625 0.056640625 0.087890625