0 0.62890625 0.45703125 0.068359375 0.099609375
0 0.7109375 0.318359375 0.05859375 0.08203125
0 0.611328125 0.3203125 0.052734375 0.076171875
0 0.50390625 0.451171875 0.06640625 0.09375
0 0.66015625 0.3544921875 0.060546875 0.0859375
0 0.6875 0.439453125 0.068359375 0.09765625
0 0.669921875 0.2802734375 0.05078125 0.072265625
0 0.77734375 0.23828125 0.052734375 0.07421875
0 0.8251953125 0.2822265625 0.056640625 0.080078125
0 0.4111328125 0.48828125 0.064453125 0.095703125
0 0.751953125 0.2685546875 0.0546875 0.076171875
0 0.431640625 0.4140625 0.060546875 0.0859375
0 0.810546875 0.3505859375 0.0625 0.087890625