0 0.509765625 0.4794921875 0.052734375 0.095703125
0 0.58203125 0.4052734375 0.0458984375 0.076171875
0 0.646484375 0.3876953125 0.0439453125 0.078125
0 0.5732421875 0.474609375 0.052734375 0.095703125
0 0.55078125 0.3720703125 0.0390625 0.072265625
0 0.2587890625 0.4423828125 0.044921875 0.0849609375
0 0.388671875 0.455078125 0.0498046875 0.0888671875
0 0.7421875 0.337890625 0.0400390625 0.072265625
0 0.3369140625 0.416015625 0.0439453125 0.076171875
0 0.7705078125 0.3779296875 0.0458984375 0.078125
0 0.7314453125 0.4248046875 0.048828125 0.0830078125
0 0.7060546875 0.35546875 0.041015625 0.072265625