0 0.4736328125 0.412109375 0.044921875 0.068359375
0 0.478515625 0.5810546875 0.052734375 0.087890625
0 0.26171875 0.5888671875 0.0546875 0.087890625
0 0.515625 0.4638671875 0.044921875 0.076171875
0 0.53515625 0.5693359375 0.05078125 0.087890625
0 0.6083984375 0.376953125 0.041015625 0.0703125
0 0.5322265625 0.375 0.0390625 0.064453125
0 0.228515625 0.5498046875 0.05078125 0.0859375
0 0.3583984375 0.556640625 0.0546875 0.087890625
0 0.6708984375 0.4072265625 0.044921875 0.0703125
0 0.6328125 0.34765625 0.0390625 0.064453125
0 0.2900390625 0.5 0.044921875 0.076171875
0 0.5654296875 0.4306640625 0.041015625 0.0703125
0 0.6533203125 0.4833984375 0.048828125 0.078125