0 0.48828125 0.158203125 0.07421875 0.1015625
0 0.373046875 0.1025390625 0.072265625 0.099609375
0 0.26171875 0.10546875 0.076171875 0.1015625
0 0.548828125 0.1630859375 0.0703125 0.1015625
0 0.6279296875 0.0517578125 0.05859375 0.076171875
0 0.5654296875 0.064453125 0.0625 0.08984375
0 0.7001953125 0.1162109375 0.064453125 0.091796875
0 0.5361328125 0.0244140625 0.052734375 0.048828125
0 0.3193359375 0.0390625 0.068359375 0.078125
0 0.7412109375 0.068359375 0.05078125 0.052734375
0 0.685546875 0.0400390625 0.0390625 0.025390625
0 0.607421875 0.01953125 0.033203125 0.0234375