0 0.2548828125 0.5224609375 0.064453125 0.09375
0 0.46484375 0.5732421875 0.064453125 0.09375
0 0.5283203125 0.4677734375 0.0546875 0.08203125
0 0.353515625 0.5146484375 0.0625 0.08984375
0 0.4990234375 0.40625 0.048828125 0.072265625
0 0.2294921875 0.4765625 0.05859375 0.083984375
0 0.5224609375 0.57421875 0.0625 0.08984375
0 0.564453125 0.3837890625 0.046875 0.068359375
0 0.5849609375 0.447265625 0.0546875 0.078125
0 0.30078125 0.443359375 0.056640625 0.080078125
0 0.6376953125 0.4052734375 0.05078125 0.072265625
0 0.6923828125 0.451171875 0.05078125 0.072265625
0 0.6689453125 0.3828125 0.046875 0.06640625
0 0.6572265625 0.521484375 0.0546875 0.080078125