0 0.310546875 0.4580078125 0.099609375 0.18359375
0 0.5185546875 0.28515625 0.0888671875 0.1572265625
0 0.4033203125 0.4833984375 0.1083984375 0.1865234375
0 0.419921875 0.3505859375 0.0966796875 0.1513671875
0 0.4140625 0.1865234375 0.0791015625 0.1259765625
0 0.185546875 0.35546875 0.0966796875 0.1640625
0 0.6572265625 0.6552734375 0.126953125 0.2197265625
0 0.169921875 0.234375 0.0751953125 0.1240234375
0 0.7138671875 0.484375 0.111328125 0.19140625
0 0.296875 0.0869140625 0.068359375 0.1240234375
0 0.505859375 0.7666015625 0.1318359375 0.2333984375
0 0.8828125 0.19140625 0.052734375 0.0712890625