0 0.603515625 0.4296875 0.0478515625 0.076171875
0 0.59765625 0.5009765625 0.052734375 0.095703125
0 0.5703125 0.4013671875 0.0390625 0.072265625
0 0.2841796875 0.49609375 0.044921875 0.0849609375
0 0.642578125 0.375 0.041015625 0.072265625
0 0.7919921875 0.3876953125 0.044921875 0.0751953125
0 0.7607421875 0.3525390625 0.041015625 0.0712890625
0 0.7265625 0.37109375 0.0419921875 0.0712890625
0 0.53515625 0.5107421875 0.0517578125 0.091796875
0 0.4140625 0.4990234375 0.0478515625 0.0859375
0 0.359375 0.462890625 0.0458984375 0.080078125
0 0.75390625 0.4384765625 0.0498046875 0.0830078125