0 0.15234375 0.318359375 0.0546875 0.091796875
0 0.4912109375 0.123046875 0.04296875 0.076171875
0 0.3955078125 0.1181640625 0.04296875 0.0751953125
0 0.2568359375 0.2734375 0.052734375 0.0888671875
0 0.44140625 0.263671875 0.05078125 0.091796875
0 0.4619140625 0.072265625 0.041015625 0.072265625
0 0.1904296875 0.2275390625 0.048828125 0.0849609375
0 0.43359375 0.162109375 0.0458984375 0.0830078125
0 0.5712890625 0.0341796875 0.0400390625 0.068359375
0 0.6064453125 0.083984375 0.04296875 0.076171875
0 0.5771484375 0.162109375 0.046875 0.0859375
0 0.380859375 0.2822265625 0.052734375 0.0927734375
0 0.5419921875 0.0625 0.041015625 0.0751953125