0 0.4462890625 0.4853515625 0.0546875 0.09375
0 0.3291015625 0.4423828125 0.052734375 0.087890625
0 0.2255859375 0.46875 0.056640625 0.091796875
0 0.4814453125 0.2919921875 0.044921875 0.076171875
0 0.5146484375 0.3564453125 0.046875 0.080078125
0 0.57421875 0.3232421875 0.044921875 0.07421875
0 0.5087890625 0.4775390625 0.052734375 0.09375
0 0.2734375 0.37109375 0.05078125 0.08203125
0 0.5537109375 0.2548828125 0.041015625 0.068359375
0 0.666015625 0.232421875 0.04296875 0.0703125
0 0.6923828125 0.3056640625 0.044921875 0.076171875
0 0.458984375 0.345703125 0.04296875 0.076171875
0 0.6337890625 0.263671875 0.04296875 0.072265625
0 0.654296875 0.3935546875 0.046875 0.080078125