0 0.5009765625 0.4794921875 0.068359375 0.099609375
0 0.37890625 0.4833984375 0.0625 0.09375
0 0.517578125 0.37109375 0.048828125 0.078125
0 0.61328125 0.3642578125 0.0546875 0.078125
0 0.552734375 0.392578125 0.0546875 0.078125
0 0.6943359375 0.2978515625 0.046875 0.07421875
0 0.7294921875 0.328125 0.056640625 0.08203125
0 0.25 0.5 0.056640625 0.0859375
0 0.5615234375 0.462890625 0.06640625 0.103515625
0 0.318359375 0.45703125 0.05859375 0.087890625
0 0.6640625 0.322265625 0.052734375 0.078125
0 0.701171875 0.3818359375 0.060546875 0.091796875