0 0.419921875 0.8359375 0.126953125 0.205078125
0 0.4091796875 0.5029296875 0.111328125 0.173828125
0 0.4951171875 0.1748046875 0.083984375 0.1328125
0 0.455078125 0.3701171875 0.099609375 0.15625
0 0.2666015625 0.251953125 0.099609375 0.15625
0 0.552734375 0.337890625 0.09375 0.1484375
0 0.34375 0.435546875 0.103515625 0.166015625
0 0.6494140625 0.650390625 0.111328125 0.1796875
0 0.283203125 0.1142578125 0.0859375 0.138671875
0 0.55859375 0.7998046875 0.119140625 0.19140625
0 0.421875 0.021484375 0.06640625 0.04296875