0 0.3564453125 0.1728515625 0.056640625 0.080078125
0 0.384765625 0.3134765625 0.0703125 0.09765625
0 0.40625 0.2060546875 0.05859375 0.083984375
0 0.1669921875 0.373046875 0.068359375 0.095703125
0 0.181640625 0.291015625 0.0625 0.087890625
0 0.4501953125 0.1650390625 0.056640625 0.080078125
0 0.5078125 0.078125 0.05078125 0.072265625
0 0.552734375 0.1171875 0.056640625 0.080078125
0 0.4111328125 0.126953125 0.05078125 0.072265625
0 0.4375 0.2890625 0.06640625 0.09375
0 0.1259765625 0.34765625 0.0625 0.087890625
0 0.2587890625 0.3212890625 0.0703125 0.09765625
0 0.4873046875 0.109375 0.05078125 0.072265625
0 0.544921875 0.1875 0.05859375 0.083984375