0 0.5498046875 0.52734375 0.052734375 0.087890625
0 0.544921875 0.3525390625 0.04296875 0.072265625
0 0.5869140625 0.404296875 0.044921875 0.076171875
0 0.6376953125 0.3662109375 0.044921875 0.07421875
0 0.427734375 0.50390625 0.05078125 0.0859375
0 0.3349609375 0.5390625 0.052734375 0.0859375
0 0.60546875 0.310546875 0.0390625 0.064453125
0 0.708984375 0.275390625 0.0390625 0.064453125
0 0.60546875 0.5126953125 0.05078125 0.083984375
0 0.748046875 0.3359375 0.04296875 0.072265625
0 0.3017578125 0.501953125 0.046875 0.078125
0 0.728515625 0.4189453125 0.046875 0.078125
0 0.6826171875 0.3076171875 0.041015625 0.06640625
0 0.3623046875 0.4482421875 0.044921875 0.07421875