0 0.560546875 0.5419921875 0.0703125 0.103515625
0 0.345703125 0.4912109375 0.068359375 0.099609375
0 0.4521484375 0.4833984375 0.06640625 0.09765625
0 0.625 0.5419921875 0.068359375 0.1015625
0 0.6357421875 0.373046875 0.056640625 0.08203125
0 0.798828125 0.486328125 0.068359375 0.09765625
0 0.7265625 0.412109375 0.05859375 0.0859375
0 0.6552734375 0.43359375 0.060546875 0.08984375
0 0.7158203125 0.349609375 0.052734375 0.078125
0 0.8564453125 0.4140625 0.05859375 0.0859375
0 0.412109375 0.4140625 0.05859375 0.083984375
0 0.841796875 0.3427734375 0.0546875 0.078125
0 0.6005859375 0.41796875 0.056640625 0.083984375
0 0.798828125 0.3681640625 0.0546875 0.078125