0 0.5908203125 0.404296875 0.05859375 0.091796875
0 0.6064453125 0.2705078125 0.044921875 0.072265625
0 0.474609375 0.3564453125 0.052734375 0.087890625
0 0.37890625 0.361328125 0.056640625 0.08984375
0 0.349609375 0.32421875 0.048828125 0.080078125
0 0.7470703125 0.271484375 0.04296875 0.0703125
0 0.642578125 0.3193359375 0.048828125 0.078125
0 0.669921875 0.25390625 0.04296875 0.06640625
0 0.7763671875 0.2529296875 0.041015625 0.06640625
0 0.697265625 0.3046875 0.048828125 0.07421875
0 0.779296875 0.3642578125 0.052734375 0.08203125
0 0.8076171875 0.30859375 0.048828125 0.07421875
0 0.6484375 0.40625 0.052734375 0.083984375
0 0.4150390625 0.298828125 0.052734375 0.080078125