0 0.541015625 0.4384765625 0.05859375 0.091796875
0 0.3603515625 0.4365234375 0.05859375 0.08984375
0 0.48046875 0.2685546875 0.05078125 0.076171875
0 0.5224609375 0.3251953125 0.052734375 0.08203125
0 0.2666015625 0.478515625 0.0625 0.09375
0 0.5751953125 0.28125 0.05078125 0.078125
0 0.482421875 0.45703125 0.060546875 0.095703125
0 0.54296875 0.2216796875 0.046875 0.072265625
0 0.4677734375 0.322265625 0.052734375 0.08203125
0 0.6474609375 0.1796875 0.046875 0.07421875
0 0.6875 0.244140625 0.048828125 0.078125
0 0.2939453125 0.380859375 0.052734375 0.080078125
0 0.62109375 0.2158203125 0.046875 0.076171875
0 0.66796875 0.333984375 0.0546875 0.083984375