0 0.439453125 0.7568359375 0.10546875 0.1865234375
0 0.4169921875 0.453125 0.091796875 0.158203125
0 0.5751953125 0.7294921875 0.1025390625 0.1806640625
0 0.4560546875 0.3291015625 0.083984375 0.14453125
0 0.26953125 0.220703125 0.078125 0.1357421875
0 0.3515625 0.3896484375 0.0849609375 0.1513671875
0 0.48828125 0.1484375 0.068359375 0.125
0 0.66015625 0.5927734375 0.09375 0.1650390625
0 0.552734375 0.30078125 0.076171875 0.1376953125
0 0.318359375 0.15234375 0.07421875 0.1318359375
0 0.4140625 0.013671875 0.052734375 0.0263671875