0 0.501953125 0.482421875 0.052734375 0.08984375
0 0.5283203125 0.2998046875 0.044921875 0.07421875
0 0.3857421875 0.44140625 0.052734375 0.0859375
0 0.2861328125 0.462890625 0.056640625 0.091796875
0 0.5966796875 0.2666015625 0.041015625 0.0703125
0 0.673828125 0.2744140625 0.04296875 0.0703125
0 0.560546875 0.4775390625 0.05078125 0.087890625
0 0.7060546875 0.24609375 0.041015625 0.06640625
0 0.734375 0.3154296875 0.04296875 0.07421875
0 0.5615234375 0.361328125 0.046875 0.080078125
0 0.701171875 0.396484375 0.05078125 0.08203125
0 0.5078125 0.3505859375 0.044921875 0.076171875
0 0.328125 0.375 0.046875 0.078125
0 0.6201171875 0.330078125 0.04296875 0.072265625