0 0.4990234375 0.482421875 0.056640625 0.091796875
0 0.5 0.2978515625 0.046875 0.07421875
0 0.37890625 0.4580078125 0.0546875 0.0859375
0 0.283203125 0.4931640625 0.05859375 0.09375
0 0.5625 0.2548828125 0.04296875 0.072265625
0 0.640625 0.251953125 0.044921875 0.072265625
0 0.5576171875 0.4697265625 0.052734375 0.087890625
0 0.6689453125 0.2197265625 0.04296875 0.068359375
0 0.70703125 0.28515625 0.046875 0.07421875
0 0.541015625 0.3544921875 0.048828125 0.08203125
0 0.6845703125 0.369140625 0.052734375 0.083984375
0 0.4873046875 0.3515625 0.046875 0.076171875
0 0.3125 0.3994140625 0.048828125 0.078125
0 0.595703125 0.3154296875 0.044921875 0.07421875