0 0.4912109375 0.458984375 0.05859375 0.09375
0 0.533203125 0.326171875 0.05078125 0.080078125
0 0.5478515625 0.44140625 0.056640625 0.091796875
0 0.5849609375 0.283203125 0.048828125 0.076171875
0 0.3681640625 0.435546875 0.0546875 0.08984375
0 0.302734375 0.376953125 0.052734375 0.083984375
0 0.2734375 0.4765625 0.060546875 0.09375
0 0.490234375 0.2705078125 0.046875 0.072265625
0 0.6318359375 0.2197265625 0.046875 0.07421875
0 0.552734375 0.224609375 0.044921875 0.072265625
0 0.6591796875 0.18359375 0.046875 0.072265625
0 0.6982421875 0.2490234375 0.048828125 0.07421875
0 0.4775390625 0.32421875 0.048828125 0.076171875
0 0.67578125 0.337890625 0.0546875 0.087890625