0 0.5078125 0.4765625 0.0537109375 0.09765625
0 0.3876953125 0.45703125 0.05078125 0.0888671875
0 0.578125 0.3994140625 0.046875 0.076171875
0 0.5712890625 0.46875 0.0517578125 0.095703125
0 0.5458984375 0.3681640625 0.0400390625 0.0751953125
0 0.2578125 0.447265625 0.0458984375 0.0830078125
0 0.6416015625 0.380859375 0.0439453125 0.076171875
0 0.333984375 0.41796875 0.0439453125 0.078125
0 0.765625 0.3662109375 0.044921875 0.0751953125
0 0.734375 0.328125 0.0400390625 0.0712890625
0 0.7001953125 0.3466796875 0.0419921875 0.0732421875
0 0.7265625 0.4150390625 0.048828125 0.0830078125