0 0.57421875 0.291015625 0.05859375 0.080078125
0 0.509765625 0.4638671875 0.0703125 0.09765625
0 0.404296875 0.400390625 0.068359375 0.091796875
0 0.5947265625 0.3564453125 0.060546875 0.083984375
0 0.650390625 0.2705078125 0.0546875 0.076171875
0 0.30078125 0.404296875 0.0703125 0.09765625
0 0.568359375 0.4697265625 0.06640625 0.09375
0 0.763671875 0.271484375 0.052734375 0.07421875
0 0.724609375 0.2939453125 0.056640625 0.078125
0 0.5439453125 0.3349609375 0.05859375 0.083984375
0 0.7763671875 0.345703125 0.05859375 0.080078125
0 0.3623046875 0.3232421875 0.060546875 0.083984375
0 0.66015625 0.337890625 0.056640625 0.080078125
0 0.7236328125 0.419921875 0.064453125 0.087890625