0 0.466796875 0.4150390625 0.05078125 0.072265625
0 0.486328125 0.5830078125 0.060546875 0.091796875
0 0.2705078125 0.609375 0.0625 0.091796875
0 0.5126953125 0.462890625 0.05078125 0.078125
0 0.541015625 0.56640625 0.056640625 0.08984375
0 0.5966796875 0.3681640625 0.046875 0.072265625
0 0.521484375 0.373046875 0.044921875 0.06640625
0 0.234375 0.5732421875 0.056640625 0.087890625
0 0.36328125 0.568359375 0.060546875 0.091796875
0 0.662109375 0.392578125 0.05078125 0.07421875
0 0.619140625 0.3359375 0.044921875 0.06640625
0 0.291015625 0.5185546875 0.052734375 0.078125
0 0.5595703125 0.42578125 0.046875 0.07421875
0 0.6513671875 0.4697265625 0.0546875 0.08203125