0 0.458984375 0.3359375 0.046875 0.07421875
0 0.4267578125 0.4326171875 0.064453125 0.095703125
0 0.5478515625 0.353515625 0.05078125 0.07421875
0 0.4892578125 0.365234375 0.052734375 0.07421875
0 0.525390625 0.3193359375 0.044921875 0.0703125
0 0.203125 0.4189453125 0.0625 0.095703125
0 0.486328125 0.4296875 0.060546875 0.09375
0 0.3076171875 0.4091796875 0.0625 0.09375
0 0.25 0.37109375 0.0546875 0.080078125
0 0.6328125 0.3115234375 0.04296875 0.06640625
0 0.6611328125 0.3486328125 0.048828125 0.07421875
0 0.6025390625 0.3251953125 0.046875 0.0703125
0 0.6279296875 0.3916015625 0.0546875 0.083984375