0 0.486328125 0.40234375 0.056640625 0.076171875
0 0.4560546875 0.369140625 0.052734375 0.078125
0 0.416015625 0.46484375 0.068359375 0.099609375
0 0.193359375 0.4287109375 0.0703125 0.099609375
0 0.4765625 0.46875 0.06640625 0.09765625
0 0.24609375 0.3828125 0.05859375 0.083984375
0 0.6201171875 0.443359375 0.060546875 0.087890625
0 0.544921875 0.3974609375 0.052734375 0.076171875
0 0.525390625 0.361328125 0.048828125 0.072265625
0 0.2998046875 0.4296875 0.0625 0.091796875
0 0.658203125 0.4052734375 0.0546875 0.076171875
0 0.6328125 0.3642578125 0.05078125 0.072265625
0 0.599609375 0.3779296875 0.05078125 0.072265625