0 0.6328125 0.486328125 0.05078125 0.087890625
0 0.63671875 0.3564453125 0.0390625 0.06640625
0 0.51171875 0.439453125 0.048828125 0.08203125
0 0.6767578125 0.4052734375 0.04296875 0.076171875
0 0.41796875 0.4404296875 0.048828125 0.0859375
0 0.73046875 0.3916015625 0.04296875 0.072265625
0 0.6904296875 0.4892578125 0.048828125 0.0859375
0 0.38671875 0.4033203125 0.046875 0.078125
0 0.6982421875 0.3427734375 0.037109375 0.064453125
0 0.8046875 0.3427734375 0.037109375 0.0625
0 0.841796875 0.3974609375 0.04296875 0.0703125
0 0.8193359375 0.4521484375 0.046875 0.078125
0 0.4482421875 0.3818359375 0.04296875 0.07421875