0 0.4443359375 0.8095703125 0.11328125 0.189453125
0 0.287109375 0.5361328125 0.1015625 0.1640625
0 0.3037109375 0.8447265625 0.1171875 0.1953125
0 0.21875 0.47265625 0.09765625 0.162109375
0 0.5341796875 0.6689453125 0.099609375 0.171875
0 0.3291015625 0.412109375 0.087890625 0.14453125
0 0.365234375 0.234375 0.07421875 0.12890625
0 0.4267578125 0.3818359375 0.083984375 0.142578125
0 0.138671875 0.3076171875 0.09375 0.1484375
0 0.1904296875 0.2392578125 0.083984375 0.13671875
0 0.2900390625 0.0625 0.06640625 0.107421875