0 0.4921875 0.4462890625 0.052734375 0.0947265625
0 0.564453125 0.3212890625 0.046875 0.0830078125
0 0.5322265625 0.2646484375 0.04296875 0.076171875
0 0.373046875 0.41015625 0.0498046875 0.08984375
0 0.5556640625 0.435546875 0.0517578125 0.0927734375
0 0.2451171875 0.3955078125 0.0478515625 0.0830078125
0 0.607421875 0.224609375 0.0390625 0.0693359375
0 0.3203125 0.3486328125 0.0439453125 0.078125
0 0.7255859375 0.1962890625 0.041015625 0.0712890625
0 0.62890625 0.2861328125 0.04296875 0.078125
0 0.5078125 0.3134765625 0.046875 0.0830078125
0 0.7119140625 0.345703125 0.048828125 0.0859375
0 0.75390625 0.2626953125 0.044921875 0.078125
0 0.689453125 0.228515625 0.0419921875 0.076171875