0 0.404296875 0.8447265625 0.1259765625 0.232421875
0 0.326171875 0.5087890625 0.1064453125 0.1904296875
0 0.55078125 0.75 0.12109375 0.2197265625
0 0.3486328125 0.35546875 0.09765625 0.1640625
0 0.236328125 0.458984375 0.1015625 0.193359375
0 0.6181640625 0.5654296875 0.10546875 0.19140625
0 0.1181640625 0.3046875 0.1005859375 0.1767578125
0 0.35546875 0.15234375 0.0791015625 0.1376953125
0 0.4501953125 0.294921875 0.0859375 0.1640625
0 0.1083984375 0.15234375 0.0771484375 0.1376953125
0 0.24609375 0.0322265625 0.0693359375 0.0634765625