0 0.28515625 0.498046875 0.068359375 0.095703125
0 0.4384765625 0.3876953125 0.05859375 0.07421875
0 0.396484375 0.373046875 0.052734375 0.076171875
0 0.4052734375 0.4755859375 0.072265625 0.099609375
0 0.19140625 0.5478515625 0.0703125 0.09765625
0 0.4541015625 0.33203125 0.052734375 0.072265625
0 0.5517578125 0.28515625 0.052734375 0.072265625
0 0.2177734375 0.4833984375 0.060546875 0.08203125
0 0.4599609375 0.44921875 0.068359375 0.09765625
0 0.48828125 0.3564453125 0.056640625 0.078125
0 0.591796875 0.306640625 0.056640625 0.078125
0 0.5283203125 0.310546875 0.052734375 0.072265625
0 0.576171875 0.3603515625 0.0625 0.087890625