0 0.5546875 0.5107421875 0.0703125 0.103515625
0 0.3369140625 0.5478515625 0.068359375 0.099609375
0 0.615234375 0.486328125 0.068359375 0.1015625
0 0.6015625 0.375 0.0625 0.08984375
0 0.431640625 0.498046875 0.06640625 0.095703125
0 0.75390625 0.369140625 0.068359375 0.09765625
0 0.6591796875 0.328125 0.05859375 0.0859375
0 0.560546875 0.326171875 0.0546875 0.080078125
0 0.626953125 0.2744140625 0.052734375 0.076171875
0 0.3701171875 0.4501953125 0.060546875 0.0859375
0 0.7392578125 0.2197265625 0.052734375 0.076171875
0 0.7802734375 0.27734375 0.05859375 0.083984375
0 0.544921875 0.3798828125 0.056640625 0.083984375
0 0.7109375 0.2587890625 0.05859375 0.083984375