0 0.46484375 0.896484375 0.15625 0.20703125
0 0.3349609375 0.595703125 0.13671875 0.205078125
0 0.595703125 0.794921875 0.150390625 0.23046875
0 0.3330078125 0.44140625 0.12109375 0.17578125
0 0.3056640625 0.2421875 0.09765625 0.142578125
0 0.419921875 0.36328125 0.109375 0.171875
0 0.2412109375 0.5654296875 0.126953125 0.1953125
0 0.0986328125 0.435546875 0.123046875 0.181640625
0 0.630859375 0.6015625 0.12890625 0.197265625
0 0.0654296875 0.2890625 0.099609375 0.146484375
0 0.171875 0.1083984375 0.087890625 0.130859375