0 0.4384765625 0.2568359375 0.04296875 0.072265625
0 0.5341796875 0.259765625 0.044921875 0.078125
0 0.4267578125 0.423828125 0.052734375 0.0947265625
0 0.486328125 0.40234375 0.0517578125 0.0947265625
0 0.6123046875 0.166015625 0.0400390625 0.068359375
0 0.4775390625 0.30078125 0.0458984375 0.08203125
0 0.173828125 0.4306640625 0.048828125 0.0859375
0 0.619140625 0.296875 0.048828125 0.0849609375
0 0.5830078125 0.201171875 0.041015625 0.0732421875
0 0.50390625 0.2109375 0.0400390625 0.0693359375
0 0.306640625 0.4150390625 0.052734375 0.091796875
0 0.2421875 0.3720703125 0.048828125 0.080078125
0 0.6474609375 0.2177734375 0.04296875 0.0751953125