0 0.568359375 0.2734375 0.044921875 0.076171875
0 0.6328125 0.240234375 0.044921875 0.072265625
0 0.666015625 0.2666015625 0.05078125 0.080078125
0 0.4375 0.3779296875 0.056640625 0.091796875
0 0.609375 0.29296875 0.048828125 0.072265625
0 0.7451171875 0.205078125 0.04296875 0.072265625
0 0.7158203125 0.228515625 0.044921875 0.072265625
0 0.306640625 0.3935546875 0.05078125 0.0859375
0 0.6220703125 0.3583984375 0.056640625 0.09375
0 0.7822265625 0.2353515625 0.052734375 0.080078125
0 0.5615234375 0.373046875 0.060546875 0.095703125
0 0.7587890625 0.2841796875 0.056640625 0.0859375
0 0.3720703125 0.353515625 0.05078125 0.08203125