0 0.6640625 0.3828125 0.064453125 0.09765625
0 0.6484375 0.2265625 0.05078125 0.078125
0 0.4970703125 0.298828125 0.0625 0.09375
0 0.8271484375 0.234375 0.052734375 0.076171875
0 0.607421875 0.3681640625 0.06640625 0.099609375
0 0.736328125 0.279296875 0.05859375 0.083984375
0 0.67578125 0.2861328125 0.05859375 0.0859375
0 0.716796875 0.21875 0.048828125 0.07421875
0 0.4482421875 0.224609375 0.05859375 0.0859375
0 0.3994140625 0.28515625 0.064453125 0.095703125
0 0.376953125 0.2421875 0.05859375 0.0859375
0 0.8076171875 0.359375 0.064453125 0.08984375
0 0.8486328125 0.3017578125 0.0546875 0.078125
0 0.79296875 0.25 0.05078125 0.07421875