0 0.5341796875 0.4697265625 0.056640625 0.095703125
0 0.6044921875 0.3251953125 0.041015625 0.0703125
0 0.5810546875 0.3837890625 0.046875 0.07421875
0 0.541015625 0.361328125 0.041015625 0.0703125
0 0.63671875 0.353515625 0.046875 0.076171875
0 0.7119140625 0.2880859375 0.041015625 0.068359375
0 0.2783203125 0.4892578125 0.046875 0.083984375
0 0.59375 0.451171875 0.052734375 0.08984375
0 0.68359375 0.3134765625 0.041015625 0.0703125
0 0.7509765625 0.3212890625 0.044921875 0.07421875
0 0.41015625 0.47265625 0.05078125 0.0859375
0 0.3466796875 0.4462890625 0.044921875 0.078125
0 0.7275390625 0.3740234375 0.05078125 0.08203125