0 0.6181640625 0.2099609375 0.052734375 0.078125
0 0.6474609375 0.271484375 0.0546875 0.08203125
0 0.583984375 0.3642578125 0.0625 0.095703125
0 0.34765625 0.25 0.0546875 0.083984375
0 0.7060546875 0.2578125 0.052734375 0.078125
0 0.6865234375 0.197265625 0.046875 0.0703125
0 0.3720703125 0.294921875 0.0625 0.09375
0 0.8212890625 0.2724609375 0.05078125 0.076171875
0 0.6416015625 0.3701171875 0.060546875 0.091796875
0 0.470703125 0.2998046875 0.056640625 0.087890625
0 0.7626953125 0.2236328125 0.048828125 0.07421875
0 0.7958984375 0.205078125 0.048828125 0.0703125
0 0.4189453125 0.2275390625 0.052734375 0.080078125
0 0.7822265625 0.333984375 0.056640625 0.0859375