0 0.2578125 0.5654296875 0.107421875 0.1484375
0 0.2646484375 0.4853515625 0.064453125 0.068359375
0 0.4091796875 0.76171875 0.1640625 0.2265625
0 0.3251953125 0.61328125 0.115234375 0.166015625
0 0.5283203125 0.5146484375 0.11328125 0.15625
0 0.3046875 0.5107421875 0.08984375 0.109375
0 0.3984375 0.4228515625 0.078125 0.1015625
0 0.4267578125 0.4970703125 0.09375 0.107421875
0 0.3916015625 0.615234375 0.123046875 0.158203125
0 0.466796875 0.4736328125 0.091796875 0.130859375
0 0.4365234375 0.556640625 0.115234375 0.16015625
0 0.5576171875 0.705078125 0.162109375 0.22265625
0 0.64453125 0.6015625 0.1328125 0.16796875