0 0.556640625 0.5224609375 0.05859375 0.09765625
0 0.6201171875 0.5146484375 0.056640625 0.095703125
0 0.31640625 0.46484375 0.05078125 0.0859375
0 0.6318359375 0.4072265625 0.048828125 0.08203125
0 0.4404296875 0.4833984375 0.052734375 0.08984375
0 0.603515625 0.3515625 0.04296875 0.076171875
0 0.6796875 0.31640625 0.044921875 0.07421875
0 0.7822265625 0.4365234375 0.0546875 0.087890625
0 0.6982421875 0.3759765625 0.048828125 0.078125
0 0.390625 0.4228515625 0.048828125 0.08203125
0 0.80078125 0.29296875 0.046875 0.07421875
0 0.5771484375 0.3974609375 0.046875 0.078125
0 0.826171875 0.3583984375 0.048828125 0.078125
0 0.763671875 0.3232421875 0.044921875 0.07421875