0 0.4765625 0.5791015625 0.0478515625 0.0859375
0 0.5185546875 0.462890625 0.041015625 0.0732421875
0 0.259765625 0.5712890625 0.0498046875 0.0859375
0 0.4775390625 0.408203125 0.041015625 0.0693359375
0 0.5322265625 0.568359375 0.0458984375 0.08203125
0 0.5390625 0.375 0.0361328125 0.0634765625
0 0.2265625 0.5302734375 0.0439453125 0.078125
0 0.3564453125 0.544921875 0.048828125 0.0830078125
0 0.640625 0.353515625 0.03515625 0.0625
0 0.67578125 0.4150390625 0.0390625 0.0693359375
0 0.6142578125 0.380859375 0.0380859375 0.068359375
0 0.2900390625 0.4853515625 0.041015625 0.0732421875
0 0.5693359375 0.43359375 0.037109375 0.0693359375
0 0.654296875 0.4912109375 0.041015625 0.0732421875