0 0.4169921875 0.5869140625 0.0966796875 0.1650390625
0 0.5390625 0.3955078125 0.078125 0.138671875
0 0.607421875 0.849609375 0.1064453125 0.1865234375
0 0.4453125 0.4462890625 0.0859375 0.1474609375
0 0.4609375 0.248046875 0.0712890625 0.1240234375
0 0.2431640625 0.3671875 0.083984375 0.142578125
0 0.677734375 0.6875 0.09375 0.1640625
0 0.3427734375 0.529296875 0.091796875 0.1611328125
0 0.2421875 0.228515625 0.072265625 0.1259765625
0 0.4677734375 0.9052734375 0.10546875 0.177734375
0 0.3671875 0.0732421875 0.0634765625 0.1181640625