0 0.634765625 0.4609375 0.0546875 0.091796875
0 0.6259765625 0.33203125 0.041015625 0.068359375
0 0.72265625 0.3583984375 0.044921875 0.07421875
0 0.509765625 0.4228515625 0.05078125 0.0859375
0 0.6923828125 0.458984375 0.0546875 0.08984375
0 0.6875 0.3125 0.041015625 0.068359375
0 0.380859375 0.400390625 0.048828125 0.078125
0 0.79296875 0.3056640625 0.0390625 0.064453125
0 0.669921875 0.3779296875 0.046875 0.076171875
0 0.4423828125 0.37109375 0.048828125 0.078125
0 0.833984375 0.35546875 0.044921875 0.072265625
0 0.81640625 0.4111328125 0.05078125 0.08203125
0 0.416015625 0.4345703125 0.05078125 0.083984375