0 0.5283203125 0.529296875 0.06640625 0.103515625
0 0.6064453125 0.4541015625 0.0546875 0.080078125
0 0.5771484375 0.42578125 0.048828125 0.080078125
0 0.671875 0.4423828125 0.052734375 0.083984375
0 0.59375 0.525390625 0.064453125 0.1015625
0 0.3037109375 0.51171875 0.0625 0.09765625
0 0.3603515625 0.458984375 0.0546875 0.083984375
0 0.41015625 0.501953125 0.05859375 0.091796875
0 0.796875 0.4365234375 0.0546875 0.08203125
0 0.771484375 0.3955078125 0.048828125 0.072265625
0 0.7548828125 0.48046875 0.060546875 0.08984375
0 0.734375 0.412109375 0.048828125 0.076171875