0 0.3203125 0.4580078125 0.056640625 0.091796875
0 0.814453125 0.3857421875 0.048828125 0.076171875
0 0.64453125 0.439453125 0.0546875 0.078125
0 0.630859375 0.5078125 0.06640625 0.1015625
0 0.6181640625 0.40625 0.05078125 0.078125
0 0.3994140625 0.4365234375 0.056640625 0.083984375
0 0.794921875 0.4697265625 0.064453125 0.09375
0 0.447265625 0.478515625 0.0625 0.095703125
0 0.7119140625 0.4287109375 0.0546875 0.083984375
0 0.5654296875 0.509765625 0.064453125 0.099609375
0 0.83984375 0.42578125 0.056640625 0.083984375
0 0.7763671875 0.3994140625 0.052734375 0.078125