0 0.443359375 0.4580078125 0.0625 0.099609375
0 0.4970703125 0.263671875 0.048828125 0.080078125
0 0.4697265625 0.314453125 0.052734375 0.0859375
0 0.572265625 0.228515625 0.048828125 0.07421875
0 0.5068359375 0.451171875 0.060546875 0.099609375
0 0.220703125 0.4287109375 0.0625 0.09765625
0 0.3291015625 0.408203125 0.0625 0.09765625
0 0.6650390625 0.37109375 0.056640625 0.08984375
0 0.5888671875 0.2978515625 0.052734375 0.083984375
0 0.7109375 0.2861328125 0.052734375 0.08203125
0 0.279296875 0.3330078125 0.052734375 0.083984375
0 0.689453125 0.2119140625 0.046875 0.072265625
0 0.5234375 0.330078125 0.05078125 0.080078125
0 0.65234375 0.2431640625 0.046875 0.07421875