0 0.50390625 0.4794921875 0.0537109375 0.0927734375
0 0.3828125 0.46484375 0.048828125 0.087890625
0 0.537109375 0.375 0.0380859375 0.072265625
0 0.6328125 0.3837890625 0.04296875 0.0732421875
0 0.5693359375 0.40234375 0.0439453125 0.0712890625
0 0.7236328125 0.3310546875 0.037109375 0.068359375
0 0.75390625 0.3662109375 0.044921875 0.0751953125
0 0.2529296875 0.4609375 0.0439453125 0.080078125
0 0.56640625 0.47265625 0.052734375 0.095703125
0 0.3271484375 0.4287109375 0.046875 0.08203125
0 0.689453125 0.349609375 0.041015625 0.0732421875
0 0.716796875 0.4150390625 0.048828125 0.0849609375