0 0.53125 0.484375 0.052734375 0.091796875
0 0.310546875 0.4931640625 0.0517578125 0.0888671875
0 0.5625 0.3134765625 0.04296875 0.0751953125
0 0.5927734375 0.47265625 0.05078125 0.091796875
0 0.4111328125 0.458984375 0.048828125 0.087890625
0 0.595703125 0.3642578125 0.044921875 0.080078125
0 0.6337890625 0.2724609375 0.0390625 0.06640625
0 0.6591796875 0.328125 0.044921875 0.076171875
0 0.75 0.2392578125 0.0400390625 0.068359375
0 0.3564453125 0.4052734375 0.0478515625 0.0791015625
0 0.716796875 0.26953125 0.0419921875 0.072265625
0 0.744140625 0.3798828125 0.048828125 0.0849609375
0 0.78125 0.298828125 0.0439453125 0.0751953125
0 0.5400390625 0.3623046875 0.0419921875 0.078125