0 0.44140625 0.884765625 0.119140625 0.19921875
0 0.580078125 0.83203125 0.115234375 0.193359375
0 0.44140625 0.4150390625 0.091796875 0.15234375
0 0.3349609375 0.490234375 0.099609375 0.166015625
0 0.2431640625 0.3193359375 0.09375 0.15234375
0 0.4677734375 0.2177734375 0.078125 0.12890625
0 0.40625 0.5537109375 0.1015625 0.166015625
0 0.5390625 0.37109375 0.087890625 0.146484375
0 0.6611328125 0.671875 0.1015625 0.169921875
0 0.25 0.1796875 0.078125 0.1328125
0 0.380859375 0.0458984375 0.0703125 0.091796875