0 0.6240234375 0.2548828125 0.0390625 0.0732421875
0 0.6611328125 0.2724609375 0.044921875 0.068359375
0 0.4775390625 0.3662109375 0.048828125 0.087890625
0 0.6640625 0.3408203125 0.052734375 0.0927734375
0 0.7236328125 0.24609375 0.044921875 0.0751953125
0 0.6015625 0.3603515625 0.052734375 0.0927734375
0 0.8134765625 0.1787109375 0.041015625 0.0693359375
0 0.779296875 0.2041015625 0.041015625 0.072265625
0 0.3486328125 0.3828125 0.04296875 0.0849609375
0 0.849609375 0.20703125 0.046875 0.078125
0 0.419921875 0.3427734375 0.04296875 0.076171875
0 0.8154296875 0.2607421875 0.0498046875 0.0849609375