0 0.6435546875 0.4970703125 0.064453125 0.09765625
0 0.5322265625 0.4326171875 0.060546875 0.08984375
0 0.75390625 0.4169921875 0.052734375 0.080078125
0 0.6982421875 0.5087890625 0.0625 0.095703125
0 0.6669921875 0.3701171875 0.048828125 0.072265625
0 0.412109375 0.3798828125 0.056640625 0.08203125
0 0.73046875 0.3642578125 0.046875 0.068359375
0 0.4365234375 0.419921875 0.0625 0.09375
0 0.69921875 0.423828125 0.052734375 0.080078125
0 0.86328125 0.44140625 0.052734375 0.078125
0 0.4775390625 0.3642578125 0.0546875 0.08203125
0 0.8056640625 0.3935546875 0.05078125 0.072265625
0 0.8330078125 0.4912109375 0.060546875 0.087890625