0 0.474609375 0.474609375 0.0546875 0.091796875
0 0.2568359375 0.451171875 0.05859375 0.08984375
0 0.5419921875 0.3505859375 0.048828125 0.078125
0 0.6025390625 0.318359375 0.048828125 0.078125
0 0.58203125 0.2529296875 0.04296875 0.0703125
0 0.5107421875 0.287109375 0.044921875 0.072265625
0 0.3603515625 0.4296875 0.05078125 0.0859375
0 0.53515625 0.4677734375 0.0546875 0.091796875
0 0.3046875 0.3583984375 0.05078125 0.08203125
0 0.6943359375 0.2333984375 0.041015625 0.068359375
0 0.48828125 0.337890625 0.048828125 0.080078125
0 0.71875 0.3056640625 0.044921875 0.07421875
0 0.66015625 0.2646484375 0.044921875 0.07421875
0 0.6806640625 0.3896484375 0.05078125 0.08203125