0 0.5654296875 0.3935546875 0.052734375 0.078125
0 0.509765625 0.478515625 0.064453125 0.099609375
0 0.388671875 0.4765625 0.060546875 0.091796875
0 0.2587890625 0.486328125 0.0546875 0.087890625
0 0.625 0.3671875 0.052734375 0.080078125
0 0.53125 0.3681640625 0.044921875 0.076171875
0 0.3291015625 0.447265625 0.0546875 0.0859375
0 0.5712890625 0.4609375 0.0625 0.09765625
0 0.7431640625 0.3349609375 0.05078125 0.076171875
0 0.708984375 0.302734375 0.048828125 0.072265625
0 0.6787109375 0.3251953125 0.048828125 0.076171875
0 0.71484375 0.3876953125 0.056640625 0.0859375