0 0.505859375 0.47265625 0.05859375 0.09765625
0 0.3837890625 0.45703125 0.056640625 0.091796875
0 0.572265625 0.3935546875 0.048828125 0.078125
0 0.25390625 0.4541015625 0.05078125 0.087890625
0 0.568359375 0.462890625 0.05859375 0.09765625
0 0.5380859375 0.36328125 0.041015625 0.07421875
0 0.634765625 0.3720703125 0.046875 0.078125
0 0.7587890625 0.353515625 0.048828125 0.076171875
0 0.328125 0.4228515625 0.048828125 0.080078125
0 0.7255859375 0.31640625 0.044921875 0.07421875
0 0.69140625 0.3349609375 0.044921875 0.07421875
0 0.7216796875 0.4033203125 0.052734375 0.0859375