0 0.427734375 0.484375 0.103515625 0.169921875
0 0.5927734375 0.7734375 0.11328125 0.193359375
0 0.46484375 0.34765625 0.091796875 0.15234375
0 0.4951171875 0.1474609375 0.076171875 0.130859375
0 0.359375 0.4189453125 0.095703125 0.1640625
0 0.2724609375 0.23828125 0.08984375 0.15234375
0 0.5615234375 0.310546875 0.0859375 0.146484375
0 0.677734375 0.619140625 0.1015625 0.171875
0 0.4560546875 0.81640625 0.1171875 0.19921875
0 0.279296875 0.09765625 0.080078125 0.13671875
0 0.4150390625 0.0078125 0.048828125 0.015625