0 0.5498046875 0.517578125 0.072265625 0.10546875
0 0.6455078125 0.4140625 0.0625 0.08984375
0 0.4423828125 0.4609375 0.0703125 0.09765625
0 0.3359375 0.4658203125 0.0703125 0.1015625
0 0.625 0.3564453125 0.05859375 0.08203125
0 0.71484375 0.3955078125 0.0625 0.087890625
0 0.61328125 0.5205078125 0.072265625 0.103515625
0 0.4033203125 0.3916015625 0.0625 0.087890625
0 0.787109375 0.3525390625 0.056640625 0.080078125
0 0.828125 0.3310546875 0.056640625 0.078125
0 0.7060546875 0.333984375 0.0546875 0.076171875
0 0.7861328125 0.46875 0.068359375 0.095703125
0 0.5908203125 0.3984375 0.05859375 0.0859375
0 0.84375 0.3994140625 0.0625 0.087890625