0 0.162109375 0.244140625 0.0537109375 0.08984375
0 0.439453125 0.1259765625 0.044921875 0.078125
0 0.400390625 0.080078125 0.041015625 0.0732421875
0 0.2666015625 0.2099609375 0.0517578125 0.087890625
0 0.392578125 0.2314453125 0.05078125 0.08984375
0 0.451171875 0.21875 0.048828125 0.087890625
0 0.49609375 0.0927734375 0.0419921875 0.0751953125
0 0.607421875 0.068359375 0.041015625 0.0732421875
0 0.1982421875 0.162109375 0.0458984375 0.0791015625
0 0.4658203125 0.044921875 0.037109375 0.06640625
0 0.5439453125 0.04296875 0.0400390625 0.072265625
0 0.5712890625 0.025390625 0.037109375 0.05078125
0 0.58203125 0.138671875 0.0419921875 0.078125