0 0.513671875 0.515625 0.052734375 0.091796875
0 0.537109375 0.3505859375 0.04296875 0.0732421875
0 0.39453125 0.4921875 0.0498046875 0.087890625
0 0.294921875 0.525390625 0.052734375 0.091796875
0 0.630859375 0.3642578125 0.0439453125 0.0751953125
0 0.57421875 0.5009765625 0.048828125 0.091796875
0 0.716796875 0.2783203125 0.041015625 0.068359375
0 0.7158203125 0.412109375 0.0478515625 0.0830078125
0 0.60546875 0.3115234375 0.037109375 0.0654296875
0 0.572265625 0.3994140625 0.0419921875 0.076171875
0 0.685546875 0.30859375 0.041015625 0.072265625
0 0.3349609375 0.439453125 0.044921875 0.0791015625
0 0.7490234375 0.3359375 0.0419921875 0.072265625