0 0.6484375 0.439453125 0.0458984375 0.08203125
0 0.5771484375 0.5595703125 0.052734375 0.091796875
0 0.6171875 0.384765625 0.04296875 0.0751953125
0 0.458984375 0.5234375 0.048828125 0.0888671875
0 0.640625 0.5498046875 0.052734375 0.0947265625
0 0.69140625 0.3466796875 0.0400390625 0.068359375
0 0.357421875 0.548828125 0.0498046875 0.087890625
0 0.591796875 0.431640625 0.044921875 0.080078125
0 0.7138671875 0.40625 0.044921875 0.08203125
0 0.8125 0.318359375 0.041015625 0.0712890625
0 0.775390625 0.349609375 0.0439453125 0.078125
0 0.4072265625 0.462890625 0.04296875 0.076171875
0 0.7998046875 0.466796875 0.0517578125 0.0888671875
0 0.841796875 0.3837890625 0.044921875 0.076171875