0 0.4423828125 0.3427734375 0.041015625 0.072265625
0 0.4755859375 0.3720703125 0.046875 0.0703125
0 0.412109375 0.4443359375 0.0546875 0.09375
0 0.509765625 0.32421875 0.041015625 0.0703125
0 0.18359375 0.435546875 0.056640625 0.091796875
0 0.2314453125 0.3828125 0.046875 0.078125
0 0.2900390625 0.4208984375 0.0546875 0.08984375
0 0.6201171875 0.3125 0.0390625 0.0703125
0 0.4736328125 0.4404296875 0.052734375 0.091796875
0 0.6474609375 0.3505859375 0.044921875 0.07421875
0 0.6171875 0.392578125 0.048828125 0.08203125
0 0.587890625 0.330078125 0.041015625 0.072265625