0 0.6162109375 0.8037109375 0.111328125 0.193359375
0 0.4765625 0.87890625 0.1142578125 0.2041015625
0 0.4326171875 0.4072265625 0.087890625 0.150390625
0 0.5283203125 0.349609375 0.0830078125 0.1474609375
0 0.68359375 0.626953125 0.099609375 0.173828125
0 0.330078125 0.4990234375 0.091796875 0.162109375
0 0.4404296875 0.2060546875 0.0751953125 0.1259765625
0 0.220703125 0.34375 0.087890625 0.1484375
0 0.4091796875 0.5517578125 0.0966796875 0.1669921875
0 0.212890625 0.201171875 0.07421875 0.130859375
0 0.337890625 0.0498046875 0.0654296875 0.099609375