0 0.521484375 0.2470703125 0.052734375 0.07421875
0 0.427734375 0.373046875 0.064453125 0.091796875
0 0.2998046875 0.38671875 0.05859375 0.083984375
0 0.572265625 0.2802734375 0.05859375 0.083984375
0 0.576171875 0.2099609375 0.05078125 0.0703125
0 0.673828125 0.1728515625 0.05078125 0.0703125
0 0.6181640625 0.248046875 0.056640625 0.078125
0 0.5546875 0.37890625 0.06640625 0.09375
0 0.3525390625 0.33984375 0.0625 0.0859375
0 0.7236328125 0.2138671875 0.0546875 0.076171875
0 0.716796875 0.2744140625 0.0625 0.083984375
0 0.6083984375 0.3603515625 0.064453125 0.08984375
0 0.3408203125 0.412109375 0.064453125 0.08984375