0 0.21875 0.2548828125 0.064453125 0.09765625
0 0.3359375 0.0849609375 0.052734375 0.08203125
0 0.345703125 0.251953125 0.064453125 0.1015625
0 0.12109375 0.3095703125 0.06640625 0.099609375
0 0.146484375 0.21484375 0.060546875 0.091796875
0 0.4326171875 0.0791015625 0.0546875 0.083984375
0 0.40234375 0.2236328125 0.0625 0.099609375
0 0.5244140625 0.109375 0.05859375 0.09375
0 0.380859375 0.1240234375 0.05859375 0.08984375
0 0.5419921875 0.0341796875 0.052734375 0.068359375
0 0.4765625 0.02734375 0.046875 0.0546875
0 0.3974609375 0.0390625 0.046875 0.0625
0 0.5048828125 0.0087890625 0.033203125 0.017578125