0 0.5068359375 0.47265625 0.0537109375 0.095703125
0 0.3857421875 0.451171875 0.0517578125 0.0888671875
0 0.578125 0.3974609375 0.0458984375 0.0751953125
0 0.2568359375 0.44140625 0.046875 0.0849609375
0 0.5703125 0.466796875 0.052734375 0.0947265625
0 0.544921875 0.365234375 0.037109375 0.072265625
0 0.6416015625 0.37890625 0.0439453125 0.0751953125
0 0.765625 0.3671875 0.044921875 0.0732421875
0 0.33203125 0.4140625 0.0439453125 0.078125
0 0.7353515625 0.328125 0.041015625 0.0712890625
0 0.7001953125 0.345703125 0.0419921875 0.072265625
0 0.7265625 0.4150390625 0.048828125 0.0830078125