0 0.5107421875 0.59375 0.0625 0.09375
0 0.30078125 0.5419921875 0.064453125 0.09375
0 0.630859375 0.4755859375 0.0546875 0.078125
0 0.544921875 0.4345703125 0.05078125 0.072265625
0 0.34765625 0.466796875 0.05859375 0.0859375
0 0.27734375 0.49609375 0.05859375 0.087890625
0 0.400390625 0.537109375 0.0625 0.08984375
0 0.611328125 0.4130859375 0.046875 0.068359375
0 0.57421875 0.494140625 0.0546875 0.078125
0 0.7158203125 0.4150390625 0.048828125 0.068359375
0 0.568359375 0.59765625 0.060546875 0.08984375
0 0.7412109375 0.4814453125 0.052734375 0.072265625
0 0.705078125 0.548828125 0.05859375 0.083984375
0 0.685546875 0.4365234375 0.048828125 0.068359375