0 0.6005859375 0.3369140625 0.052734375 0.076171875
0 0.498046875 0.44140625 0.060546875 0.08984375
0 0.3671875 0.4345703125 0.05859375 0.083984375
0 0.6591796875 0.30859375 0.048828125 0.0703125
0 0.6513671875 0.3759765625 0.0546875 0.080078125
0 0.681640625 0.4541015625 0.064453125 0.091796875
0 0.701171875 0.3515625 0.052734375 0.078125
0 0.7392578125 0.310546875 0.052734375 0.07421875
0 0.625 0.46484375 0.060546875 0.08984375
0 0.8095703125 0.3330078125 0.052734375 0.076171875
0 0.4052734375 0.4638671875 0.0625 0.091796875
0 0.798828125 0.390625 0.060546875 0.087890625
0 0.4228515625 0.3984375 0.0546875 0.080078125