0 0.6328125 0.3115234375 0.048828125 0.078125
0 0.59765625 0.26171875 0.04296875 0.0703125
0 0.3681640625 0.3525390625 0.056640625 0.08984375
0 0.6875 0.294921875 0.048828125 0.076171875
0 0.7666015625 0.244140625 0.04296875 0.0703125
0 0.5810546875 0.3955078125 0.056640625 0.08984375
0 0.66015625 0.2451171875 0.044921875 0.0703125
0 0.404296875 0.2890625 0.052734375 0.08203125
0 0.46484375 0.34765625 0.0546875 0.087890625
0 0.7978515625 0.30078125 0.048828125 0.072265625
0 0.76953125 0.35546875 0.052734375 0.08203125
0 0.3388671875 0.3154296875 0.048828125 0.080078125
0 0.6376953125 0.3974609375 0.0546875 0.08984375
0 0.73828125 0.2626953125 0.04296875 0.0703125