0 0.4287109375 0.478515625 0.064453125 0.095703125
0 0.4921875 0.4091796875 0.05078125 0.072265625
0 0.4599609375 0.37890625 0.046875 0.076171875
0 0.20703125 0.4599609375 0.064453125 0.095703125
0 0.6357421875 0.357421875 0.044921875 0.068359375
0 0.52734375 0.36328125 0.04296875 0.0703125
0 0.490234375 0.4736328125 0.060546875 0.09375
0 0.5498046875 0.3984375 0.048828125 0.07421875
0 0.2529296875 0.4111328125 0.0546875 0.080078125
0 0.662109375 0.396484375 0.048828125 0.07421875
0 0.6298828125 0.4375 0.056640625 0.083984375
0 0.310546875 0.453125 0.05859375 0.087890625
0 0.6025390625 0.373046875 0.044921875 0.0703125
0 0.4296875 0.400390625 0.033203125 0.06640625