0 0.646484375 0.373046875 0.05859375 0.080078125
0 0.609375 0.3505859375 0.052734375 0.078125
0 0.470703125 0.4716796875 0.06640625 0.095703125
0 0.70703125 0.341796875 0.060546875 0.0859375
0 0.5927734375 0.4638671875 0.068359375 0.1015625
0 0.7919921875 0.267578125 0.052734375 0.076171875
0 0.7607421875 0.294921875 0.0546875 0.078125
0 0.373046875 0.509765625 0.064453125 0.099609375
0 0.6552734375 0.4453125 0.068359375 0.1015625
0 0.830078125 0.298828125 0.05859375 0.083984375
0 0.4111328125 0.4462890625 0.05859375 0.0859375
0 0.80078125 0.3564453125 0.064453125 0.09375
0 0.6748046875 0.3046875 0.046875 0.0625