0 0.5693359375 0.5244140625 0.05859375 0.09765625
0 0.3486328125 0.53125 0.05859375 0.095703125
0 0.4501953125 0.4970703125 0.056640625 0.091796875
0 0.6318359375 0.5087890625 0.056640625 0.095703125
0 0.5986328125 0.3427734375 0.048828125 0.078125
0 0.78515625 0.4091796875 0.05859375 0.09375
0 0.6953125 0.3564453125 0.05078125 0.08203125
0 0.6328125 0.3955078125 0.05078125 0.0859375
0 0.669921875 0.298828125 0.044921875 0.07421875
0 0.822265625 0.3251953125 0.05078125 0.08203125
0 0.392578125 0.439453125 0.05078125 0.080078125
0 0.7900390625 0.259765625 0.046875 0.07421875
0 0.576171875 0.39453125 0.046875 0.080078125
0 0.7548828125 0.294921875 0.046875 0.07421875