0 0.552734375 0.505859375 0.052734375 0.095703125
0 0.6220703125 0.3837890625 0.044921875 0.08203125
0 0.4345703125 0.474609375 0.05078125 0.0888671875
0 0.33203125 0.50390625 0.05078125 0.091796875
0 0.58984375 0.33203125 0.04296875 0.0751953125
0 0.685546875 0.349609375 0.0458984375 0.080078125
0 0.615234375 0.494140625 0.0517578125 0.0947265625
0 0.3818359375 0.416015625 0.0458984375 0.0791015625
0 0.7470703125 0.2919921875 0.0419921875 0.0732421875
0 0.7822265625 0.26171875 0.041015625 0.0712890625
0 0.6630859375 0.2919921875 0.0400390625 0.0693359375
0 0.771484375 0.4052734375 0.0498046875 0.0859375
0 0.5654296875 0.380859375 0.04296875 0.078125
0 0.8125 0.32421875 0.0458984375 0.0791015625