0 0.5517578125 0.5205078125 0.052734375 0.0947265625
0 0.3310546875 0.515625 0.0517578125 0.091796875
0 0.615234375 0.5087890625 0.0517578125 0.0927734375
0 0.6240234375 0.396484375 0.046875 0.08203125
0 0.43359375 0.4853515625 0.05078125 0.087890625
0 0.7744140625 0.419921875 0.0517578125 0.0888671875
0 0.689453125 0.361328125 0.044921875 0.078125
0 0.5927734375 0.3408203125 0.0419921875 0.0732421875
0 0.66796875 0.302734375 0.0400390625 0.0693359375
0 0.3818359375 0.4267578125 0.0458984375 0.0791015625
0 0.7880859375 0.2705078125 0.041015625 0.0693359375
0 0.8173828125 0.3349609375 0.044921875 0.076171875
0 0.5673828125 0.390625 0.0419921875 0.078125
0 0.7529296875 0.3037109375 0.044921875 0.076171875