0 0.6650390625 0.3828125 0.044921875 0.076171875
0 0.6259765625 0.3330078125 0.041015625 0.064453125
0 0.619140625 0.4638671875 0.052734375 0.08984375
0 0.5009765625 0.412109375 0.05078125 0.0859375
0 0.6904296875 0.3212890625 0.0390625 0.064453125
0 0.3759765625 0.3740234375 0.048828125 0.08203125
0 0.7197265625 0.37109375 0.044921875 0.07421875
0 0.40625 0.412109375 0.05078125 0.087890625
0 0.830078125 0.37890625 0.046875 0.07421875
0 0.794921875 0.32421875 0.0390625 0.064453125
0 0.8046875 0.4326171875 0.052734375 0.08203125
0 0.6767578125 0.4677734375 0.05078125 0.083984375
0 0.4384765625 0.3515625 0.04296875 0.07421875