0 0.5556640625 0.380859375 0.06640625 0.095703125
0 0.5263671875 0.248046875 0.0546875 0.076171875
0 0.623046875 0.2509765625 0.056640625 0.080078125
0 0.58203125 0.2119140625 0.05078125 0.0703125
0 0.3408203125 0.4072265625 0.06640625 0.09375
0 0.681640625 0.1767578125 0.048828125 0.068359375
0 0.7294921875 0.21875 0.0546875 0.076171875
0 0.30078125 0.3818359375 0.056640625 0.083984375
0 0.576171875 0.2841796875 0.056640625 0.080078125
0 0.66015625 0.203125 0.05078125 0.072265625
0 0.609375 0.36328125 0.064453125 0.091796875
0 0.720703125 0.28125 0.0625 0.087890625
0 0.4306640625 0.373046875 0.060546875 0.087890625
0 0.3544921875 0.3349609375 0.060546875 0.083984375