0 0.5732421875 0.5712890625 0.06640625 0.099609375
0 0.63671875 0.5712890625 0.06640625 0.099609375
0 0.4619140625 0.513671875 0.0625 0.095703125
0 0.6630859375 0.462890625 0.05859375 0.0859375
0 0.357421875 0.5224609375 0.064453125 0.095703125
0 0.71875 0.37890625 0.052734375 0.078125
0 0.7314453125 0.4404296875 0.056640625 0.0859375
0 0.6396484375 0.404296875 0.052734375 0.078125
0 0.84375 0.37109375 0.05078125 0.07421875
0 0.4208984375 0.447265625 0.056640625 0.083984375
0 0.86328125 0.4404296875 0.05859375 0.083984375
0 0.607421875 0.447265625 0.0546875 0.083984375
0 0.802734375 0.396484375 0.0546875 0.078125
0 0.8076171875 0.5166015625 0.0625 0.091796875