0 0.609375 0.2978515625 0.0703125 0.1015625
0 0.5498046875 0.22265625 0.0546875 0.080078125
0 0.5908203125 0.2353515625 0.05859375 0.078125
0 0.611328125 0.177734375 0.05078125 0.076171875
0 0.55078125 0.3271484375 0.072265625 0.1015625
0 0.431640625 0.3544921875 0.06640625 0.095703125
0 0.716796875 0.1201171875 0.0546875 0.076171875
0 0.3076171875 0.3955078125 0.05859375 0.087890625
0 0.6904296875 0.1494140625 0.056640625 0.078125
0 0.759765625 0.140625 0.060546875 0.083984375
0 0.3681640625 0.3427734375 0.060546875 0.083984375
0 0.7392578125 0.1953125 0.06640625 0.091796875