0 0.5576171875 0.51953125 0.052734375 0.0947265625
0 0.62109375 0.5087890625 0.0517578125 0.0927734375
0 0.314453125 0.474609375 0.046875 0.0830078125
0 0.626953125 0.400390625 0.044921875 0.080078125
0 0.439453125 0.486328125 0.048828125 0.087890625
0 0.595703125 0.3466796875 0.0400390625 0.0732421875
0 0.669921875 0.3076171875 0.041015625 0.0712890625
0 0.7783203125 0.421875 0.05078125 0.0859375
0 0.69140625 0.3662109375 0.0439453125 0.076171875
0 0.38671875 0.4287109375 0.044921875 0.0791015625
0 0.7890625 0.27734375 0.04296875 0.072265625
0 0.5712890625 0.3935546875 0.0419921875 0.076171875
0 0.818359375 0.341796875 0.044921875 0.0751953125
0 0.75390625 0.3095703125 0.0419921875 0.072265625