0 0.541015625 0.3251953125 0.056640625 0.0859375
0 0.2470703125 0.43359375 0.06640625 0.095703125
0 0.470703125 0.435546875 0.064453125 0.09765625
0 0.51171875 0.2763671875 0.052734375 0.078125
0 0.3525390625 0.4072265625 0.0625 0.09375
0 0.583984375 0.2421875 0.048828125 0.07421875
0 0.7236328125 0.2763671875 0.052734375 0.078125
0 0.5322265625 0.42578125 0.0625 0.095703125
0 0.69921875 0.21875 0.048828125 0.07421875
0 0.6640625 0.24609375 0.052734375 0.078125
0 0.6044921875 0.2958984375 0.052734375 0.078125
0 0.2978515625 0.3515625 0.056640625 0.083984375
0 0.68359375 0.3505859375 0.056640625 0.087890625