0 0.3095703125 0.46484375 0.10546875 0.1875
0 0.5107421875 0.2841796875 0.09375 0.16015625
0 0.40234375 0.486328125 0.115234375 0.189453125
0 0.4150390625 0.353515625 0.1015625 0.154296875
0 0.4033203125 0.189453125 0.083984375 0.12890625
0 0.1806640625 0.3662109375 0.1015625 0.16796875
0 0.662109375 0.6494140625 0.134765625 0.224609375
0 0.1611328125 0.24609375 0.080078125 0.126953125
0 0.712890625 0.4765625 0.1171875 0.1953125
0 0.2822265625 0.0947265625 0.072265625 0.126953125
0 0.515625 0.7666015625 0.140625 0.23828125
0 0.8720703125 0.1787109375 0.0546875 0.072265625