0 0.5849609375 0.3935546875 0.0478515625 0.087890625
0 0.462890625 0.359375 0.0458984375 0.0830078125
0 0.583984375 0.2607421875 0.0361328125 0.0654296875
0 0.3974609375 0.3076171875 0.0439453125 0.076171875
0 0.640625 0.3896484375 0.046875 0.0849609375
0 0.3681640625 0.3740234375 0.048828125 0.0859375
0 0.646484375 0.2392578125 0.0361328125 0.0634765625
0 0.3359375 0.33984375 0.041015625 0.0751953125
0 0.7509765625 0.2265625 0.0361328125 0.0634765625
0 0.6259765625 0.306640625 0.041015625 0.0732421875
0 0.7880859375 0.27734375 0.041015625 0.0693359375
0 0.677734375 0.28515625 0.041015625 0.072265625
0 0.7236328125 0.248046875 0.037109375 0.0654296875
0 0.767578125 0.3349609375 0.0439453125 0.076171875