0 0.6357421875 0.505859375 0.064453125 0.09765625
0 0.76171875 0.40625 0.0546875 0.08203125
0 0.6689453125 0.3720703125 0.048828125 0.07421875
0 0.5205078125 0.4560546875 0.0625 0.091796875
0 0.701171875 0.4208984375 0.056640625 0.0859375
0 0.697265625 0.5107421875 0.0625 0.095703125
0 0.7373046875 0.35546875 0.048828125 0.0703125
0 0.8525390625 0.35546875 0.05078125 0.07421875
0 0.8818359375 0.4130859375 0.0546875 0.078125
0 0.421875 0.45703125 0.060546875 0.09375
0 0.818359375 0.3740234375 0.05078125 0.07421875
0 0.466796875 0.39453125 0.056640625 0.083984375
0 0.84375 0.4716796875 0.060546875 0.0859375