0 0.46875 0.51953125 0.05859375 0.095703125
0 0.34765625 0.490234375 0.056640625 0.091796875
0 0.529296875 0.5029296875 0.056640625 0.09375
0 0.2470703125 0.5302734375 0.05859375 0.095703125
0 0.4873046875 0.3212890625 0.046875 0.07421875
0 0.5556640625 0.2724609375 0.04296875 0.0703125
0 0.6708984375 0.3955078125 0.052734375 0.087890625
0 0.6669921875 0.232421875 0.04296875 0.0703125
0 0.4677734375 0.3759765625 0.05078125 0.08203125
0 0.5830078125 0.3369140625 0.048828125 0.078125
0 0.28515625 0.427734375 0.052734375 0.0859375
0 0.701171875 0.3017578125 0.048828125 0.078125
0 0.525390625 0.37890625 0.048828125 0.078125
0 0.63671875 0.271484375 0.044921875 0.07421875