0 0.44140625 0.4619140625 0.052734375 0.0927734375
0 0.216796875 0.45703125 0.052734375 0.091796875
0 0.65234375 0.3544921875 0.048828125 0.0859375
0 0.4755859375 0.2666015625 0.041015625 0.072265625
0 0.4521484375 0.318359375 0.0458984375 0.08203125
0 0.546875 0.22265625 0.0380859375 0.068359375
0 0.5029296875 0.44921875 0.05078125 0.0927734375
0 0.5078125 0.326171875 0.0458984375 0.080078125
0 0.322265625 0.42578125 0.052734375 0.0927734375
0 0.5693359375 0.2900390625 0.0419921875 0.076171875
0 0.2646484375 0.359375 0.044921875 0.0791015625
0 0.689453125 0.263671875 0.0439453125 0.078125
0 0.662109375 0.193359375 0.0390625 0.0693359375
0 0.6279296875 0.228515625 0.041015625 0.0712890625