0 0.7763671875 0.3271484375 0.052734375 0.08203125
0 0.6767578125 0.3125 0.046875 0.076171875
0 0.7080078125 0.3408203125 0.05078125 0.076171875
0 0.513671875 0.3935546875 0.056640625 0.09375
0 0.6337890625 0.4169921875 0.060546875 0.099609375
0 0.83984375 0.294921875 0.048828125 0.076171875
0 0.7001953125 0.412109375 0.060546875 0.09765625
0 0.865234375 0.361328125 0.060546875 0.09375
0 0.4091796875 0.4072265625 0.056640625 0.095703125
0 0.8759765625 0.2763671875 0.046875 0.072265625
0 0.908203125 0.3154296875 0.0546875 0.08203125
0 0.4619140625 0.3564453125 0.048828125 0.08203125