0 0.44140625 0.8515625 0.107421875 0.19140625
0 0.578125 0.810546875 0.103515625 0.1845703125
0 0.4638671875 0.2001953125 0.0712890625 0.125
0 0.439453125 0.3935546875 0.0830078125 0.1455078125
0 0.40625 0.52734375 0.091796875 0.16015625
0 0.3359375 0.4619140625 0.0908203125 0.16015625
0 0.2451171875 0.2861328125 0.08203125 0.1416015625
0 0.65625 0.658203125 0.09375 0.1669921875
0 0.533203125 0.357421875 0.078125 0.1416015625
0 0.2490234375 0.1484375 0.072265625 0.130859375
0 0.37890625 0.03515625 0.0615234375 0.0693359375