0 0.3857421875 0.8193359375 0.13671875 0.205078125
0 0.5263671875 0.7958984375 0.1328125 0.19921875
0 0.333984375 0.4150390625 0.115234375 0.173828125
0 0.5009765625 0.16796875 0.08984375 0.13671875
0 0.44921875 0.359375 0.10546875 0.158203125
0 0.3955078125 0.4892578125 0.115234375 0.171875
0 0.26953125 0.2275390625 0.10546875 0.15625
0 0.5478515625 0.3359375 0.09765625 0.15234375
0 0.6259765625 0.6533203125 0.1171875 0.17578125
0 0.29296875 0.0888671875 0.09375 0.142578125
0 0.439453125 0.0146484375 0.06640625 0.029296875