0 0.552734375 0.5322265625 0.0546875 0.09375
0 0.4365234375 0.498046875 0.052734375 0.08984375
0 0.765625 0.4453125 0.052734375 0.087890625
0 0.68359375 0.388671875 0.048828125 0.078125
0 0.5888671875 0.3681640625 0.04296875 0.07421875
0 0.6220703125 0.41796875 0.048828125 0.08203125
0 0.6611328125 0.3330078125 0.041015625 0.068359375
0 0.6142578125 0.521484375 0.0546875 0.091796875
0 0.779296875 0.3095703125 0.04296875 0.068359375
0 0.3115234375 0.4814453125 0.05078125 0.083984375
0 0.7431640625 0.3369140625 0.044921875 0.076171875
0 0.8056640625 0.369140625 0.046875 0.076171875
0 0.3818359375 0.4384765625 0.048828125 0.080078125
0 0.5654296875 0.4111328125 0.044921875 0.078125