0 0.55859375 0.5166015625 0.05859375 0.09765625
0 0.62109375 0.501953125 0.056640625 0.095703125
0 0.3134765625 0.484375 0.05078125 0.0859375
0 0.62109375 0.3935546875 0.048828125 0.08203125
0 0.4384765625 0.4892578125 0.052734375 0.08984375
0 0.587890625 0.341796875 0.04296875 0.076171875
0 0.6591796875 0.298828125 0.044921875 0.07421875
0 0.7734375 0.4072265625 0.0546875 0.087890625
0 0.6845703125 0.3564453125 0.048828125 0.078125
0 0.3828125 0.4345703125 0.048828125 0.08203125
0 0.77734375 0.2626953125 0.046875 0.07421875
0 0.5654296875 0.3896484375 0.046875 0.078125
0 0.8095703125 0.3251953125 0.048828125 0.078125
0 0.7431640625 0.296875 0.044921875 0.07421875