0 0.5283203125 0.203125 0.052734375 0.078125
0 0.5 0.3408203125 0.064453125 0.095703125
0 0.560546875 0.2529296875 0.0546875 0.08203125
0 0.3837890625 0.2978515625 0.0625 0.08984375
0 0.2822265625 0.3046875 0.064453125 0.09375
0 0.669921875 0.19921875 0.05078125 0.07421875
0 0.6171875 0.2353515625 0.052734375 0.078125
0 0.595703125 0.18359375 0.048828125 0.0703125
0 0.255859375 0.265625 0.05859375 0.087890625
0 0.5576171875 0.3408203125 0.0625 0.091796875
0 0.701171875 0.181640625 0.046875 0.068359375
0 0.7275390625 0.2353515625 0.05078125 0.07421875
0 0.3271484375 0.23828125 0.0546875 0.08203125
0 0.6953125 0.2939453125 0.0546875 0.08203125