0 0.458984375 0.3896484375 0.0625 0.08984375
0 0.583984375 0.404296875 0.064453125 0.095703125
0 0.3671875 0.4189453125 0.064453125 0.091796875
0 0.55859375 0.2744140625 0.048828125 0.0703125
0 0.615234375 0.244140625 0.048828125 0.068359375
0 0.6396484375 0.3916015625 0.0625 0.091796875
0 0.609375 0.3134765625 0.0546875 0.078125
0 0.328125 0.3916015625 0.056640625 0.08203125
0 0.7177734375 0.216796875 0.048828125 0.0703125
0 0.65625 0.2841796875 0.05078125 0.076171875
0 0.763671875 0.259765625 0.052734375 0.07421875
0 0.75390625 0.3193359375 0.05859375 0.083984375
0 0.3828125 0.349609375 0.0546875 0.078125