0 0.5947265625 0.333984375 0.0546875 0.076171875
0 0.4951171875 0.44140625 0.0625 0.08984375
0 0.3642578125 0.439453125 0.060546875 0.083984375
0 0.65234375 0.3037109375 0.05078125 0.0703125
0 0.646484375 0.37109375 0.056640625 0.080078125
0 0.6806640625 0.447265625 0.06640625 0.09375
0 0.6953125 0.3447265625 0.0546875 0.078125
0 0.732421875 0.3017578125 0.0546875 0.076171875
0 0.6240234375 0.4599609375 0.0625 0.091796875
0 0.8037109375 0.322265625 0.0546875 0.076171875
0 0.404296875 0.466796875 0.06640625 0.09375
0 0.794921875 0.380859375 0.064453125 0.087890625
0 0.4189453125 0.4013671875 0.056640625 0.080078125