0 0.4296875 0.2587890625 0.044921875 0.07421875
0 0.525390625 0.2587890625 0.046875 0.080078125
0 0.423828125 0.4267578125 0.056640625 0.095703125
0 0.4833984375 0.4033203125 0.0546875 0.095703125
0 0.6005859375 0.162109375 0.04296875 0.0703125
0 0.470703125 0.3017578125 0.048828125 0.083984375
0 0.171875 0.4423828125 0.052734375 0.087890625
0 0.6123046875 0.29296875 0.052734375 0.0859375
0 0.572265625 0.1982421875 0.04296875 0.07421875
0 0.494140625 0.2109375 0.04296875 0.0703125
0 0.3037109375 0.421875 0.056640625 0.09375
0 0.23828125 0.380859375 0.05078125 0.08203125
0 0.6376953125 0.212890625 0.044921875 0.076171875