0 0.4794921875 0.46484375 0.0498046875 0.0888671875
0 0.5390625 0.453125 0.048828125 0.087890625
0 0.361328125 0.4287109375 0.048828125 0.0849609375
0 0.537109375 0.337890625 0.0439453125 0.078125
0 0.501953125 0.279296875 0.041015625 0.072265625
0 0.2607421875 0.4580078125 0.05078125 0.087890625
0 0.30078125 0.3642578125 0.0458984375 0.078125
0 0.5693359375 0.2392578125 0.037109375 0.0654296875
0 0.6796875 0.2109375 0.037109375 0.06640625
0 0.6484375 0.244140625 0.0400390625 0.0712890625
0 0.7109375 0.2802734375 0.0419921875 0.072265625
0 0.5947265625 0.302734375 0.04296875 0.078125
0 0.482421875 0.330078125 0.041015625 0.0751953125
0 0.6787109375 0.365234375 0.0458984375 0.080078125