0 0.5126953125 0.4423828125 0.060546875 0.095703125
0 0.5341796875 0.333984375 0.044921875 0.076171875
0 0.5703125 0.359375 0.05078125 0.076171875
0 0.291015625 0.4599609375 0.056640625 0.09375
0 0.6298828125 0.3408203125 0.05078125 0.076171875
0 0.57421875 0.4296875 0.05859375 0.095703125
0 0.71484375 0.2822265625 0.04296875 0.0703125
0 0.3916015625 0.43359375 0.056640625 0.08984375
0 0.33203125 0.4013671875 0.052734375 0.08203125
0 0.7490234375 0.3154296875 0.05078125 0.076171875
0 0.68359375 0.3017578125 0.046875 0.072265625
0 0.7177734375 0.3662109375 0.056640625 0.08984375