0 0.4560546875 0.337890625 0.046875 0.076171875
0 0.486328125 0.3701171875 0.052734375 0.07421875
0 0.4169921875 0.4365234375 0.0625 0.09765625
0 0.525390625 0.326171875 0.046875 0.072265625
0 0.1904296875 0.408203125 0.0625 0.095703125
0 0.2421875 0.3603515625 0.0546875 0.08203125
0 0.2978515625 0.4033203125 0.0625 0.09375
0 0.6357421875 0.32421875 0.044921875 0.072265625
0 0.4794921875 0.4384765625 0.060546875 0.095703125
0 0.66015625 0.3642578125 0.05078125 0.076171875
0 0.6259765625 0.4033203125 0.056640625 0.0859375
0 0.6025390625 0.3388671875 0.046875 0.076171875