0 0.7001953125 0.2431640625 0.06640625 0.087890625
0 0.6025390625 0.263671875 0.05859375 0.08203125
0 0.640625 0.279296875 0.0625 0.08203125
0 0.4755859375 0.3955078125 0.072265625 0.099609375
0 0.5966796875 0.3759765625 0.076171875 0.10546875
0 0.7490234375 0.1904296875 0.060546875 0.08203125
0 0.658203125 0.349609375 0.07421875 0.103515625
0 0.7958984375 0.2451171875 0.07421875 0.099609375
0 0.3828125 0.443359375 0.0703125 0.1015625
0 0.77734375 0.1611328125 0.056640625 0.078125
0 0.8203125 0.1865234375 0.06640625 0.087890625
0 0.4150390625 0.3779296875 0.0625 0.087890625