0 0.5263671875 0.3603515625 0.0546875 0.080078125
0 0.5634765625 0.3857421875 0.0625 0.083984375
0 0.38671875 0.4794921875 0.072265625 0.09765625
0 0.509765625 0.474609375 0.07421875 0.10546875
0 0.5712890625 0.455078125 0.07421875 0.10546875
0 0.5927734375 0.3251953125 0.056640625 0.078125
0 0.3271484375 0.453125 0.0625 0.087890625
0 0.2587890625 0.4970703125 0.0625 0.08984375
0 0.7431640625 0.318359375 0.060546875 0.083984375
0 0.7060546875 0.2861328125 0.052734375 0.076171875
0 0.7138671875 0.3720703125 0.068359375 0.09375
0 0.6748046875 0.3115234375 0.056640625 0.080078125