0 0.287109375 0.1640625 0.060546875 0.09375
0 0.4111328125 0.1943359375 0.060546875 0.099609375
0 0.1787109375 0.19140625 0.0625 0.095703125
0 0.474609375 0.08203125 0.052734375 0.0859375
0 0.53515625 0.05078125 0.05078125 0.08203125
0 0.47265625 0.181640625 0.05859375 0.09765625
0 0.2255859375 0.107421875 0.056640625 0.08984375
0 0.4384765625 0.0341796875 0.048828125 0.068359375
0 0.619140625 0.103515625 0.0546875 0.087890625
0 0.654296875 0.0400390625 0.044921875 0.060546875
0 0.509765625 0.0166015625 0.0390625 0.033203125
0 0.591796875 0.021484375 0.041015625 0.033203125