0 0.5234375 0.35546875 0.04296875 0.076171875
0 0.490234375 0.45703125 0.056640625 0.09375
0 0.5517578125 0.455078125 0.0546875 0.095703125
0 0.70703125 0.3291015625 0.041015625 0.0703125
0 0.5556640625 0.38671875 0.046875 0.07421875
0 0.6162109375 0.373046875 0.044921875 0.076171875
0 0.240234375 0.4169921875 0.048828125 0.087890625
0 0.7353515625 0.369140625 0.046875 0.07421875
0 0.3701171875 0.43359375 0.052734375 0.0859375
0 0.3154296875 0.392578125 0.048828125 0.078125
0 0.701171875 0.4130859375 0.05078125 0.0859375
0 0.673828125 0.345703125 0.041015625 0.0703125
0 0.5927734375 0.3271484375 0.03125 0.046875