0 0.61328125 0.8525390625 0.107421875 0.1943359375
0 0.4443359375 0.443359375 0.0869140625 0.150390625
0 0.45703125 0.2412109375 0.072265625 0.1279296875
0 0.537109375 0.390625 0.080078125 0.14453125
0 0.41796875 0.587890625 0.0986328125 0.169921875
0 0.240234375 0.3681640625 0.083984375 0.1474609375
0 0.4755859375 0.9091796875 0.1103515625 0.1767578125
0 0.341796875 0.53125 0.0927734375 0.1650390625
0 0.68359375 0.681640625 0.0947265625 0.16796875
0 0.236328125 0.2275390625 0.072265625 0.1318359375
0 0.361328125 0.064453125 0.064453125 0.12109375