0 0.708984375 0.3779296875 0.048828125 0.076171875
0 0.6123046875 0.35546875 0.04296875 0.0703125
0 0.5009765625 0.451171875 0.0546875 0.0859375
0 0.3701171875 0.43359375 0.05078125 0.08203125
0 0.681640625 0.478515625 0.05859375 0.091796875
0 0.658203125 0.3984375 0.046875 0.076171875
0 0.8046875 0.4267578125 0.0546875 0.083984375
0 0.625 0.4853515625 0.0546875 0.08984375
0 0.6708984375 0.33203125 0.044921875 0.068359375
0 0.7509765625 0.3408203125 0.044921875 0.0703125
0 0.8203125 0.37109375 0.048828125 0.07421875
0 0.4287109375 0.400390625 0.05078125 0.080078125
0 0.40625 0.46484375 0.056640625 0.08984375