0 0.4638671875 0.5302734375 0.060546875 0.09765625
0 0.3486328125 0.4814453125 0.060546875 0.09375
0 0.2421875 0.5029296875 0.0625 0.09765625
0 0.6064453125 0.369140625 0.052734375 0.08203125
0 0.54296875 0.4013671875 0.052734375 0.083984375
0 0.5908203125 0.30078125 0.046875 0.072265625
0 0.7060546875 0.2822265625 0.046875 0.07421875
0 0.5146484375 0.337890625 0.046875 0.076171875
0 0.6826171875 0.4423828125 0.056640625 0.08984375
0 0.4873046875 0.38671875 0.052734375 0.083984375
0 0.6708984375 0.3134765625 0.046875 0.072265625
0 0.5263671875 0.5244140625 0.05859375 0.09765625
0 0.298828125 0.40625 0.0546875 0.083984375
0 0.728515625 0.3564453125 0.05078125 0.080078125