0 0.400390625 0.826171875 0.16015625 0.240234375
0 0.541015625 0.720703125 0.15234375 0.22265625
0 0.345703125 0.5263671875 0.11328125 0.162109375
0 0.4345703125 0.4580078125 0.10546875 0.16015625
0 0.2451171875 0.62890625 0.115234375 0.177734375
0 0.3505859375 0.4052734375 0.091796875 0.134765625
0 0.146484375 0.568359375 0.11328125 0.162109375
0 0.1337890625 0.46484375 0.078125 0.09375
0 0.255859375 0.3466796875 0.078125 0.1171875
0 0.5986328125 0.5810546875 0.130859375 0.197265625
0 0.6201171875 0.189453125 0.037109375 0.03515625