0 0.63671875 0.470703125 0.048828125 0.0888671875
0 0.6376953125 0.3408203125 0.037109375 0.0654296875
0 0.732421875 0.3740234375 0.041015625 0.0712890625
0 0.5146484375 0.423828125 0.044921875 0.08203125
0 0.6943359375 0.47265625 0.048828125 0.0859375
0 0.7001953125 0.326171875 0.037109375 0.0654296875
0 0.3876953125 0.392578125 0.04296875 0.076171875
0 0.8056640625 0.326171875 0.03515625 0.0625
0 0.677734375 0.3896484375 0.041015625 0.0732421875
0 0.451171875 0.3671875 0.0439453125 0.076171875
0 0.84375 0.37890625 0.041015625 0.0693359375
0 0.822265625 0.43359375 0.0458984375 0.078125
0 0.4208984375 0.4287109375 0.0458984375 0.080078125