0 0.4921875 0.3515625 0.044921875 0.076171875
0 0.5595703125 0.3330078125 0.04296875 0.072265625
0 0.5244140625 0.3798828125 0.05078125 0.072265625
0 0.4609375 0.44921875 0.05859375 0.095703125
0 0.341796875 0.4228515625 0.056640625 0.08984375
0 0.2392578125 0.43359375 0.05859375 0.09375
0 0.583984375 0.3681640625 0.048828125 0.076171875
0 0.521484375 0.4482421875 0.056640625 0.09375
0 0.6689453125 0.3271484375 0.041015625 0.064453125
0 0.6982421875 0.3662109375 0.046875 0.07421875
0 0.28515625 0.3837890625 0.048828125 0.080078125
0 0.6650390625 0.4072265625 0.05078125 0.08203125
0 0.6376953125 0.341796875 0.04296875 0.0703125