0 0.560546875 0.4970703125 0.052734375 0.091796875
0 0.572265625 0.3837890625 0.0390625 0.072265625
0 0.638671875 0.349609375 0.0390625 0.06640625
0 0.6123046875 0.412109375 0.04296875 0.076171875
0 0.4365234375 0.4931640625 0.05078125 0.087890625
0 0.7490234375 0.318359375 0.0390625 0.06640625
0 0.62109375 0.4814453125 0.05078125 0.08984375
0 0.66796875 0.3837890625 0.04296875 0.07421875
0 0.3046875 0.5029296875 0.044921875 0.083984375
0 0.787109375 0.3544921875 0.044921875 0.07421875
0 0.373046875 0.4619140625 0.046875 0.078125
0 0.7197265625 0.3427734375 0.041015625 0.0703125
0 0.759765625 0.4091796875 0.048828125 0.080078125