0 0.46484375 0.3564453125 0.0546875 0.076171875
0 0.419921875 0.4521484375 0.072265625 0.099609375
0 0.4921875 0.392578125 0.05859375 0.076171875
0 0.3046875 0.41015625 0.0703125 0.095703125
0 0.25390625 0.3623046875 0.064453125 0.087890625
0 0.642578125 0.3603515625 0.052734375 0.072265625
0 0.48046875 0.458984375 0.0703125 0.099609375
0 0.1748046875 0.375 0.064453125 0.09375
0 0.53515625 0.3515625 0.05078125 0.0703125
0 0.666015625 0.400390625 0.056640625 0.078125
0 0.552734375 0.390625 0.056640625 0.078125
0 0.6083984375 0.3701171875 0.05078125 0.0703125
0 0.6259765625 0.4375 0.064453125 0.087890625