0 0.6669921875 0.2939453125 0.0439453125 0.068359375
0 0.697265625 0.2451171875 0.0390625 0.0712890625
0 0.6298828125 0.2705078125 0.037109375 0.0693359375
0 0.609375 0.369140625 0.0517578125 0.0927734375
0 0.814453125 0.22265625 0.0390625 0.0693359375
0 0.7822265625 0.2412109375 0.041015625 0.0712890625
0 0.7275390625 0.275390625 0.0439453125 0.0732421875
0 0.3544921875 0.3623046875 0.04296875 0.080078125
0 0.6728515625 0.359375 0.0498046875 0.08984375
0 0.8525390625 0.25390625 0.044921875 0.076171875
0 0.4248046875 0.3310546875 0.0458984375 0.0791015625
0 0.4853515625 0.361328125 0.0478515625 0.0859375
0 0.8212890625 0.298828125 0.0498046875 0.0849609375