0 0.544921875 0.220703125 0.04296875 0.07421875
0 0.53515625 0.3583984375 0.052734375 0.091796875
0 0.685546875 0.203125 0.04296875 0.0703125
0 0.7138671875 0.1806640625 0.0390625 0.06640625
0 0.607421875 0.1953125 0.041015625 0.064453125
0 0.583984375 0.267578125 0.044921875 0.07421875
0 0.2861328125 0.3095703125 0.046875 0.080078125
0 0.748046875 0.234375 0.04296875 0.0703125
0 0.5908203125 0.353515625 0.05078125 0.087890625
0 0.63671875 0.2431640625 0.044921875 0.076171875
0 0.31640625 0.34375 0.052734375 0.08984375
0 0.4140625 0.326171875 0.05078125 0.083984375
0 0.3525390625 0.275390625 0.046875 0.078125
0 0.7216796875 0.2939453125 0.052734375 0.08203125