0 0.4267578125 0.48828125 0.095703125 0.1650390625
0 0.607421875 0.7685546875 0.1044921875 0.1875
0 0.45703125 0.349609375 0.083984375 0.1474609375
0 0.4765625 0.1484375 0.0703125 0.1279296875
0 0.35546875 0.4267578125 0.0869140625 0.16015625
0 0.2587890625 0.2509765625 0.08203125 0.1474609375
0 0.5517578125 0.3076171875 0.078125 0.142578125
0 0.68359375 0.609375 0.0927734375 0.1669921875
0 0.47265625 0.818359375 0.107421875 0.193359375
0 0.2587890625 0.109375 0.072265625 0.1337890625
0 0.3896484375 0.009765625 0.048828125 0.01953125