0 0.3876953125 0.61328125 0.1025390625 0.1767578125
0 0.6015625 0.8701171875 0.11328125 0.201171875
0 0.4189453125 0.267578125 0.07421875 0.1259765625
0 0.41015625 0.4677734375 0.08984375 0.15234375
0 0.1953125 0.40625 0.08984375 0.154296875
0 0.5068359375 0.408203125 0.0830078125 0.1474609375
0 0.45703125 0.921875 0.1171875 0.1513671875
0 0.306640625 0.5634765625 0.091796875 0.1650390625
0 0.6669921875 0.6904296875 0.1015625 0.177734375
0 0.189453125 0.265625 0.076171875 0.1337890625
0 0.31640625 0.1025390625 0.0654296875 0.119140625