0 0.4365234375 0.4775390625 0.05078125 0.08984375
0 0.31640625 0.4365234375 0.0498046875 0.087890625
0 0.46484375 0.28515625 0.041015625 0.0751953125
0 0.2138671875 0.46484375 0.052734375 0.0888671875
0 0.498046875 0.3447265625 0.0439453125 0.0791015625
0 0.2587890625 0.369140625 0.046875 0.0791015625
0 0.640625 0.3779296875 0.0458984375 0.0830078125
0 0.53515625 0.244140625 0.037109375 0.06640625
0 0.4970703125 0.4677734375 0.0498046875 0.08984375
0 0.55859375 0.310546875 0.041015625 0.0732421875
0 0.67578125 0.2900390625 0.0419921875 0.0732421875
0 0.646484375 0.2197265625 0.0390625 0.06640625
0 0.443359375 0.3369140625 0.041015625 0.076171875
0 0.615234375 0.251953125 0.0390625 0.068359375