0 0.375 0.6240234375 0.1025390625 0.1748046875
0 0.591796875 0.8740234375 0.1123046875 0.201171875
0 0.49609375 0.4150390625 0.0830078125 0.1474609375
0 0.1806640625 0.421875 0.0927734375 0.1572265625
0 0.40625 0.27734375 0.07421875 0.1259765625
0 0.3994140625 0.4775390625 0.0908203125 0.1552734375
0 0.658203125 0.6923828125 0.1015625 0.1767578125
0 0.2939453125 0.576171875 0.0966796875 0.16796875
0 0.1748046875 0.28125 0.076171875 0.134765625
0 0.3017578125 0.1162109375 0.06640625 0.12109375
0 0.447265625 0.927734375 0.115234375 0.138671875