0 0.533203125 0.490234375 0.068359375 0.099609375
0 0.314453125 0.4599609375 0.06640625 0.095703125
0 0.59375 0.3271484375 0.0546875 0.08203125
0 0.595703125 0.4892578125 0.06640625 0.099609375
0 0.419921875 0.4443359375 0.0625 0.095703125
0 0.6181640625 0.3828125 0.05859375 0.0859375
0 0.6708984375 0.298828125 0.05078125 0.072265625
0 0.6865234375 0.3583984375 0.056640625 0.08203125
0 0.791015625 0.287109375 0.05078125 0.07421875
0 0.375 0.3818359375 0.060546875 0.0859375
0 0.75390625 0.310546875 0.0546875 0.078125
0 0.76171875 0.423828125 0.0625 0.091796875
0 0.8115234375 0.3505859375 0.056640625 0.08203125
0 0.5634765625 0.37109375 0.0546875 0.083984375