0 0.58203125 0.779296875 0.103515625 0.18359375
0 0.40234375 0.5009765625 0.0947265625 0.162109375
0 0.4462890625 0.8271484375 0.107421875 0.193359375
0 0.3310546875 0.4404296875 0.091796875 0.1611328125
0 0.435546875 0.3662109375 0.083984375 0.1474609375
0 0.455078125 0.169921875 0.072265625 0.125
0 0.234375 0.267578125 0.0869140625 0.1455078125
0 0.5283203125 0.3251953125 0.078125 0.1416015625
0 0.65625 0.623046875 0.09375 0.1650390625
0 0.2373046875 0.1279296875 0.072265625 0.1337890625
0 0.3671875 0.0205078125 0.0595703125 0.0400390625