0 0.298828125 0.8017578125 0.107421875 0.1904296875
0 0.4404296875 0.767578125 0.1015625 0.18359375
0 0.2275390625 0.4287109375 0.0888671875 0.16015625
0 0.29296875 0.4931640625 0.0947265625 0.1640625
0 0.533203125 0.6259765625 0.0927734375 0.169921875
0 0.33984375 0.3701171875 0.083984375 0.1484375
0 0.20703125 0.193359375 0.080078125 0.1416015625
0 0.15234375 0.26171875 0.0859375 0.1455078125
0 0.4375 0.3349609375 0.0791015625 0.142578125
0 0.380859375 0.1884765625 0.068359375 0.12890625
0 0.3134765625 0.033203125 0.0625 0.06640625