0 0.5390625 0.521484375 0.076171875 0.107421875
0 0.587890625 0.42578125 0.0625 0.083984375
0 0.599609375 0.49609375 0.072265625 0.10546875
0 0.5498046875 0.4052734375 0.056640625 0.080078125
0 0.6455078125 0.3916015625 0.0625 0.087890625
0 0.322265625 0.5791015625 0.0703125 0.099609375
0 0.3583984375 0.51171875 0.064453125 0.08984375
0 0.724609375 0.314453125 0.0546875 0.076171875
0 0.4189453125 0.53515625 0.06640625 0.09375
0 0.763671875 0.34375 0.060546875 0.083984375
0 0.7373046875 0.40234375 0.0703125 0.09765625
0 0.6962890625 0.3427734375 0.056640625 0.078125