0 0.6279296875 0.3583984375 0.037109375 0.06640625
0 0.380859375 0.41015625 0.0419921875 0.078125
0 0.412109375 0.4453125 0.0478515625 0.0849609375
0 0.685546875 0.4873046875 0.048828125 0.0859375
0 0.69140625 0.3408203125 0.037109375 0.0625
0 0.6279296875 0.486328125 0.0478515625 0.0859375
0 0.669921875 0.4052734375 0.041015625 0.072265625
0 0.796875 0.3408203125 0.037109375 0.0625
0 0.7236328125 0.390625 0.0390625 0.0693359375
0 0.5068359375 0.44140625 0.044921875 0.0791015625
0 0.8349609375 0.392578125 0.041015625 0.0693359375
0 0.8134765625 0.4482421875 0.0458984375 0.078125
0 0.44140625 0.384765625 0.041015625 0.072265625