0 0.42578125 0.4990234375 0.1171875 0.17578125
0 0.6435546875 0.7509765625 0.12890625 0.201171875
0 0.4365234375 0.357421875 0.103515625 0.158203125
0 0.427734375 0.1552734375 0.087890625 0.13671875
0 0.3466796875 0.447265625 0.107421875 0.169921875
0 0.2265625 0.287109375 0.1015625 0.158203125
0 0.5244140625 0.302734375 0.09765625 0.15234375
0 0.697265625 0.5830078125 0.115234375 0.177734375
0 0.517578125 0.8193359375 0.1328125 0.20703125
0 0.20703125 0.146484375 0.08984375 0.142578125
0 0.322265625 0.0302734375 0.05078125 0.025390625