0 0.4130859375 0.58984375 0.103515625 0.169921875
0 0.591796875 0.8662109375 0.1171875 0.193359375
0 0.4521484375 0.91015625 0.119140625 0.17578125
0 0.4736328125 0.2548828125 0.078125 0.12890625
0 0.544921875 0.40625 0.0859375 0.146484375
0 0.341796875 0.5322265625 0.099609375 0.166015625
0 0.25 0.36328125 0.091796875 0.150390625
0 0.4482421875 0.4521484375 0.09375 0.15234375
0 0.6708984375 0.7001953125 0.103515625 0.171875
0 0.2548828125 0.2255859375 0.078125 0.130859375
0 0.3876953125 0.0751953125 0.0703125 0.119140625