0 0.482421875 0.8642578125 0.111328125 0.203125
0 0.62109375 0.7919921875 0.109375 0.193359375
0 0.54296875 0.33203125 0.08203125 0.14453125
0 0.4580078125 0.1865234375 0.0732421875 0.12890625
0 0.2373046875 0.31640625 0.0888671875 0.15234375
0 0.447265625 0.388671875 0.087890625 0.150390625
0 0.69140625 0.6181640625 0.0986328125 0.171875
0 0.421875 0.5322265625 0.0947265625 0.1669921875
0 0.34375 0.4794921875 0.0908203125 0.1611328125
0 0.234375 0.17578125 0.07421875 0.1318359375
0 0.359375 0.037109375 0.064453125 0.0732421875