0 0.4912109375 0.8408203125 0.1123046875 0.201171875
0 0.4287109375 0.5078125 0.0986328125 0.1708984375
0 0.455078125 0.3642578125 0.0888671875 0.1552734375
0 0.466796875 0.16015625 0.0751953125 0.12890625
0 0.24609375 0.29296875 0.0859375 0.150390625
0 0.55078125 0.30859375 0.0810546875 0.1474609375
0 0.3525390625 0.455078125 0.0908203125 0.1640625
0 0.2412109375 0.150390625 0.072265625 0.1337890625
0 0.7021484375 0.5966796875 0.099609375 0.173828125
0 0.6318359375 0.771484375 0.107421875 0.1904296875
0 0.3681640625 0.0244140625 0.0625 0.048828125