0 0.640625 0.47265625 0.048828125 0.08984375
0 0.51953125 0.427734375 0.046875 0.0830078125
0 0.7353515625 0.3740234375 0.041015625 0.0732421875
0 0.697265625 0.474609375 0.048828125 0.087890625
0 0.6416015625 0.3427734375 0.037109375 0.06640625
0 0.392578125 0.396484375 0.0439453125 0.076171875
0 0.703125 0.326171875 0.037109375 0.0625
0 0.423828125 0.431640625 0.048828125 0.0859375
0 0.6826171875 0.390625 0.041015625 0.0732421875
0 0.84765625 0.37890625 0.041015625 0.072265625
0 0.4541015625 0.3701171875 0.0419921875 0.076171875
0 0.7822265625 0.341796875 0.0390625 0.06640625
0 0.826171875 0.43359375 0.0478515625 0.080078125