0 0.5791015625 0.5439453125 0.060546875 0.09765625
0 0.6435546875 0.54296875 0.060546875 0.09765625
0 0.6630859375 0.4326171875 0.052734375 0.0859375
0 0.34375 0.466796875 0.056640625 0.087890625
0 0.4658203125 0.49609375 0.05859375 0.091796875
0 0.6376953125 0.3759765625 0.046875 0.076171875
0 0.7314453125 0.4072265625 0.05078125 0.08203125
0 0.80078125 0.3583984375 0.05078125 0.078125
0 0.716796875 0.3466796875 0.046875 0.072265625
0 0.8623046875 0.3994140625 0.0546875 0.083984375
0 0.419921875 0.4296875 0.05078125 0.08203125
0 0.83984375 0.33203125 0.046875 0.072265625
0 0.6083984375 0.419921875 0.048828125 0.08203125
0 0.8115234375 0.4775390625 0.056640625 0.08984375