0 0.560546875 0.49609375 0.0517578125 0.091796875
0 0.5703125 0.3828125 0.0380859375 0.0712890625
0 0.6357421875 0.34765625 0.037109375 0.0654296875
0 0.6103515625 0.41015625 0.0419921875 0.0751953125
0 0.4365234375 0.494140625 0.048828125 0.087890625
0 0.74609375 0.314453125 0.0380859375 0.0654296875
0 0.62109375 0.4794921875 0.048828125 0.0888671875
0 0.666015625 0.380859375 0.0419921875 0.0732421875
0 0.3046875 0.505859375 0.04296875 0.0830078125
0 0.7841796875 0.349609375 0.04296875 0.0732421875
0 0.3720703125 0.4638671875 0.044921875 0.078125
0 0.716796875 0.3388671875 0.0400390625 0.0693359375
0 0.7578125 0.404296875 0.0478515625 0.080078125