0 0.6826171875 0.84375 0.15625 0.220703125
0 0.3701171875 0.30078125 0.1015625 0.140625
0 0.1826171875 0.48828125 0.125 0.171875
0 0.408203125 0.49609375 0.123046875 0.169921875
0 0.486328125 0.416015625 0.1171875 0.166015625
0 0.3271484375 0.6162109375 0.12890625 0.181640625
0 0.4169921875 0.646484375 0.134765625 0.1875
0 0.705078125 0.6513671875 0.13671875 0.193359375
0 0.552734375 0.9208984375 0.14453125 0.158203125
0 0.1455078125 0.353515625 0.103515625 0.1484375
0 0.232421875 0.1650390625 0.09375 0.1328125