0 0.466796875 0.708984375 0.150390625 0.21875
0 0.30859375 0.69140625 0.15625 0.22265625
0 0.26171875 0.4501953125 0.099609375 0.14453125
0 0.328125 0.421875 0.0859375 0.107421875
0 0.443359375 0.4638671875 0.08984375 0.103515625
0 0.357421875 0.5537109375 0.1171875 0.15625
0 0.2998046875 0.5224609375 0.109375 0.1640625
0 0.5244140625 0.5263671875 0.107421875 0.15234375
0 0.451171875 0.384765625 0.07421875 0.099609375
0 0.3037109375 0.3828125 0.0625 0.06640625
0 0.490234375 0.462890625 0.0859375 0.12890625
0 0.4248046875 0.521484375 0.109375 0.158203125
0 0.58984375 0.658203125 0.12890625 0.16796875