0 0.5185546875 0.5927734375 0.056640625 0.08984375
0 0.3056640625 0.55859375 0.056640625 0.08984375
0 0.62890625 0.46484375 0.048828125 0.07421875
0 0.5390625 0.431640625 0.044921875 0.0703125
0 0.3447265625 0.4794921875 0.052734375 0.08203125
0 0.27734375 0.515625 0.052734375 0.083984375
0 0.404296875 0.5458984375 0.056640625 0.087890625
0 0.603515625 0.404296875 0.04296875 0.06640625
0 0.57421875 0.48828125 0.048828125 0.076171875
0 0.70703125 0.396484375 0.04296875 0.064453125
0 0.5771484375 0.591796875 0.0546875 0.087890625
0 0.7392578125 0.4599609375 0.046875 0.068359375
0 0.708984375 0.53125 0.05078125 0.080078125
0 0.6787109375 0.4208984375 0.04296875 0.06640625