0 0.3505859375 0.5927734375 0.138671875 0.193359375
0 0.5048828125 0.884765625 0.154296875 0.220703125
0 0.515625 0.416015625 0.11328125 0.162109375
0 0.2060546875 0.3515625 0.125 0.173828125
0 0.458984375 0.26171875 0.1015625 0.138671875
0 0.4072265625 0.455078125 0.123046875 0.171875
0 0.611328125 0.72265625 0.138671875 0.1953125
0 0.2822265625 0.5283203125 0.1328125 0.185546875
0 0.232421875 0.2138671875 0.10546875 0.1484375
0 0.3935546875 0.0810546875 0.091796875 0.1328125
0 0.3525390625 0.9052734375 0.142578125 0.16015625