0 0.486328125 0.447265625 0.0625 0.099609375
0 0.5458984375 0.3154296875 0.0546875 0.087890625
0 0.5078125 0.2626953125 0.05078125 0.080078125
0 0.3642578125 0.423828125 0.05859375 0.09375
0 0.548828125 0.4296875 0.060546875 0.09765625
0 0.2353515625 0.4228515625 0.056640625 0.087890625
0 0.578125 0.21484375 0.046875 0.072265625
0 0.3056640625 0.3681640625 0.052734375 0.08203125
0 0.6923828125 0.1748046875 0.048828125 0.07421875
0 0.60546875 0.2734375 0.05078125 0.08203125
0 0.48828125 0.3134765625 0.0546875 0.087890625
0 0.6943359375 0.32421875 0.056640625 0.08984375
0 0.7275390625 0.2373046875 0.052734375 0.08203125
0 0.66015625 0.2099609375 0.048828125 0.080078125