0 0.57421875 0.552734375 0.0703125 0.1015625
0 0.6376953125 0.5576171875 0.068359375 0.1015625
0 0.6689453125 0.4501953125 0.060546875 0.08984375
0 0.3486328125 0.4501953125 0.064453125 0.08984375
0 0.466796875 0.4921875 0.06640625 0.095703125
0 0.6494140625 0.390625 0.0546875 0.078125
0 0.740234375 0.4326171875 0.05859375 0.0859375
0 0.8134765625 0.390625 0.056640625 0.08203125
0 0.7314453125 0.3701171875 0.052734375 0.076171875
0 0.87109375 0.4375 0.0625 0.087890625
0 0.427734375 0.4208984375 0.05859375 0.0859375
0 0.85546875 0.3681640625 0.052734375 0.076171875
0 0.615234375 0.431640625 0.056640625 0.083984375
0 0.8125 0.509765625 0.064453125 0.09375