0 0.5478515625 0.5302734375 0.048828125 0.0849609375
0 0.552734375 0.35546875 0.0400390625 0.0693359375
0 0.591796875 0.4091796875 0.0419921875 0.0732421875
0 0.64453125 0.3740234375 0.041015625 0.072265625
0 0.427734375 0.5 0.046875 0.0830078125
0 0.3330078125 0.5302734375 0.0478515625 0.0830078125
0 0.615234375 0.31640625 0.0361328125 0.0634765625
0 0.720703125 0.287109375 0.0361328125 0.0634765625
0 0.6044921875 0.5185546875 0.0458984375 0.08203125
0 0.755859375 0.349609375 0.0400390625 0.0693359375
0 0.3017578125 0.4912109375 0.04296875 0.076171875
0 0.732421875 0.4306640625 0.0439453125 0.0751953125
0 0.6923828125 0.3173828125 0.0380859375 0.0654296875
0 0.365234375 0.44140625 0.041015625 0.072265625