0 0.5283203125 0.58984375 0.0478515625 0.0859375
0 0.3125 0.5791015625 0.048828125 0.0859375
0 0.6240234375 0.451171875 0.041015625 0.0712890625
0 0.53125 0.427734375 0.0380859375 0.06640625
0 0.34375 0.49609375 0.044921875 0.078125
0 0.2802734375 0.5390625 0.044921875 0.080078125
0 0.4091796875 0.5556640625 0.0478515625 0.0830078125
0 0.5927734375 0.3935546875 0.0361328125 0.0625
0 0.572265625 0.48046875 0.041015625 0.072265625
0 0.6953125 0.375 0.037109375 0.0615234375
0 0.5859375 0.5830078125 0.0458984375 0.0830078125
0 0.7333984375 0.435546875 0.0400390625 0.0654296875
0 0.7109375 0.5087890625 0.0439453125 0.076171875
0 0.669921875 0.40234375 0.037109375 0.0625