0 0.431640625 0.369140625 0.0390625 0.0693359375
0 0.4111328125 0.47265625 0.0517578125 0.08984375
0 0.466796875 0.3974609375 0.0439453125 0.068359375
0 0.2890625 0.4599609375 0.05078125 0.0859375
0 0.2275390625 0.42578125 0.046875 0.0791015625
0 0.6044921875 0.330078125 0.037109375 0.0654296875
0 0.470703125 0.46484375 0.0498046875 0.08984375
0 0.154296875 0.45703125 0.044921875 0.0859375
0 0.498046875 0.34765625 0.037109375 0.0634765625
0 0.63671875 0.36328125 0.0400390625 0.0712890625
0 0.5244140625 0.380859375 0.041015625 0.0712890625
0 0.57421875 0.34765625 0.037109375 0.0634765625
0 0.607421875 0.4091796875 0.0458984375 0.0791015625