0 0.517578125 0.443359375 0.052734375 0.091796875
0 0.548828125 0.337890625 0.0390625 0.072265625
0 0.58203125 0.3662109375 0.044921875 0.072265625
0 0.294921875 0.44140625 0.0498046875 0.08984375
0 0.6435546875 0.3525390625 0.0439453125 0.0732421875
0 0.580078125 0.4365234375 0.0517578125 0.091796875
0 0.7333984375 0.3017578125 0.0380859375 0.06640625
0 0.3974609375 0.4248046875 0.048828125 0.0859375
0 0.3408203125 0.38671875 0.0458984375 0.0791015625
0 0.763671875 0.337890625 0.0439453125 0.0732421875
0 0.7001953125 0.318359375 0.0400390625 0.0693359375
0 0.728515625 0.3857421875 0.048828125 0.0849609375