0 0.44921875 0.8427734375 0.1083984375 0.193359375
0 0.583984375 0.7919921875 0.103515625 0.181640625
0 0.435546875 0.380859375 0.083984375 0.1474609375
0 0.45703125 0.18359375 0.0712890625 0.125
0 0.404296875 0.5166015625 0.091796875 0.158203125
0 0.333984375 0.455078125 0.087890625 0.1552734375
0 0.23828125 0.2822265625 0.083984375 0.14453125
0 0.529296875 0.337890625 0.078125 0.140625
0 0.66015625 0.6357421875 0.09375 0.1650390625
0 0.2392578125 0.1435546875 0.072265625 0.1318359375
0 0.3681640625 0.02734375 0.060546875 0.0546875