0 0.646484375 0.7919921875 0.12890625 0.201171875
0 0.42578125 0.412109375 0.103515625 0.16015625
0 0.4140625 0.208984375 0.087890625 0.134765625
0 0.5185546875 0.8798828125 0.13671875 0.21484375
0 0.3369140625 0.5146484375 0.11328125 0.17578125
0 0.2119140625 0.3642578125 0.10546875 0.16015625
0 0.41796875 0.556640625 0.115234375 0.173828125
0 0.5146484375 0.3447265625 0.09765625 0.154296875
0 0.1923828125 0.2265625 0.08984375 0.140625
0 0.6962890625 0.61328125 0.115234375 0.181640625
0 0.2978515625 0.0654296875 0.07421875 0.095703125