0 0.2978515625 0.376953125 0.0625 0.06640625
0 0.255859375 0.4453125 0.103515625 0.146484375
0 0.447265625 0.3857421875 0.076171875 0.1015625
0 0.517578125 0.5283203125 0.109375 0.154296875
0 0.32421875 0.4189453125 0.0859375 0.107421875
0 0.2919921875 0.5205078125 0.111328125 0.166015625
0 0.4833984375 0.462890625 0.0859375 0.130859375
0 0.349609375 0.552734375 0.119140625 0.158203125
0 0.2958984375 0.689453125 0.158203125 0.224609375
0 0.4169921875 0.5205078125 0.111328125 0.158203125
0 0.4365234375 0.4658203125 0.091796875 0.107421875
0 0.5791015625 0.6591796875 0.12890625 0.166015625
0 0.4541015625 0.7099609375 0.15625 0.220703125