0 0.42578125 0.857421875 0.142578125 0.21875
0 0.57421875 0.8076171875 0.138671875 0.208984375
0 0.568359375 0.3408203125 0.103515625 0.15625
0 0.5078125 0.18359375 0.091796875 0.138671875
0 0.26953125 0.27734375 0.111328125 0.1640625
0 0.46484375 0.3818359375 0.109375 0.162109375
0 0.6708984375 0.646484375 0.125 0.185546875
0 0.41796875 0.51953125 0.119140625 0.1796875
0 0.3486328125 0.455078125 0.115234375 0.173828125
0 0.2880859375 0.138671875 0.09375 0.142578125
0 0.43359375 0.0302734375 0.07421875 0.060546875