0 0.5205078125 0.5751953125 0.056640625 0.091796875
0 0.5400390625 0.4033203125 0.04296875 0.0703125
0 0.4052734375 0.5322265625 0.052734375 0.083984375
0 0.7109375 0.498046875 0.05078125 0.08203125
0 0.3466796875 0.4658203125 0.05078125 0.080078125
0 0.7109375 0.35546875 0.04296875 0.06640625
0 0.2802734375 0.5087890625 0.048828125 0.080078125
0 0.6806640625 0.3837890625 0.04296875 0.0703125
0 0.5751953125 0.4619140625 0.046875 0.076171875
0 0.740234375 0.421875 0.046875 0.072265625
0 0.62890625 0.4326171875 0.044921875 0.07421875
0 0.60546875 0.3720703125 0.04296875 0.06640625
0 0.30859375 0.5517578125 0.056640625 0.087890625
0 0.578125 0.5693359375 0.05078125 0.083984375