0 0.48828125 0.3212890625 0.0546875 0.083984375
0 0.23828125 0.509765625 0.064453125 0.095703125
0 0.453125 0.447265625 0.064453125 0.095703125
0 0.4462890625 0.283203125 0.05078125 0.078125
0 0.33203125 0.455078125 0.060546875 0.09375
0 0.5048828125 0.2294921875 0.048828125 0.072265625
0 0.6484375 0.220703125 0.052734375 0.078125
0 0.509765625 0.419921875 0.0625 0.095703125
0 0.6083984375 0.1728515625 0.046875 0.072265625
0 0.58203125 0.208984375 0.05078125 0.078125
0 0.5400390625 0.2744140625 0.052734375 0.078125
0 0.263671875 0.4169921875 0.0546875 0.083984375
0 0.6318359375 0.302734375 0.056640625 0.087890625