0 0.3525390625 0.82421875 0.15234375 0.212890625
0 0.4951171875 0.8203125 0.1484375 0.205078125
0 0.54296875 0.201171875 0.1015625 0.138671875
0 0.46875 0.3818359375 0.1171875 0.162109375
0 0.40234375 0.501953125 0.130859375 0.177734375
0 0.3515625 0.4208984375 0.12890625 0.177734375
0 0.3095703125 0.2275390625 0.115234375 0.158203125
0 0.6103515625 0.693359375 0.1328125 0.185546875
0 0.5693359375 0.37109375 0.111328125 0.15625
0 0.3486328125 0.095703125 0.103515625 0.14453125
0 0.501953125 0.0302734375 0.078125 0.060546875