0 0.6044921875 0.408203125 0.0400390625 0.0693359375
0 0.5126953125 0.3837890625 0.0400390625 0.0693359375
0 0.552734375 0.4375 0.041015625 0.072265625
0 0.2958984375 0.53515625 0.048828125 0.0849609375
0 0.390625 0.5126953125 0.0458984375 0.080078125
0 0.56640625 0.5419921875 0.046875 0.0849609375
0 0.5107421875 0.55078125 0.0498046875 0.087890625
0 0.2626953125 0.4951171875 0.0419921875 0.076171875
0 0.3251953125 0.4501953125 0.044921875 0.0751953125
0 0.5732421875 0.3505859375 0.03515625 0.0625
0 0.67578125 0.3330078125 0.0361328125 0.0615234375
0 0.650390625 0.3603515625 0.037109375 0.0654296875
0 0.7119140625 0.39453125 0.0390625 0.06640625
0 0.69140625 0.4697265625 0.04296875 0.0751953125