0 0.4375 0.4677734375 0.05859375 0.09765625
0 0.4560546875 0.2685546875 0.046875 0.078125
0 0.4375 0.322265625 0.05078125 0.0859375
0 0.5244140625 0.220703125 0.044921875 0.072265625
0 0.4990234375 0.451171875 0.05859375 0.09765625
0 0.212890625 0.4775390625 0.060546875 0.095703125
0 0.3154296875 0.439453125 0.05859375 0.095703125
0 0.6396484375 0.3447265625 0.052734375 0.087890625
0 0.552734375 0.2861328125 0.048828125 0.08203125
0 0.6708984375 0.2529296875 0.05078125 0.08203125
0 0.2529296875 0.3740234375 0.05078125 0.08203125
0 0.63671875 0.1826171875 0.04296875 0.072265625
0 0.494140625 0.328125 0.048828125 0.078125
0 0.60546875 0.220703125 0.044921875 0.07421875