0 0.53125 0.53515625 0.072265625 0.1015625
0 0.564453125 0.4052734375 0.0625 0.087890625
0 0.3173828125 0.58984375 0.072265625 0.1015625
0 0.615234375 0.3564453125 0.0625 0.0859375
0 0.51953125 0.3623046875 0.05859375 0.08203125
0 0.408203125 0.53515625 0.068359375 0.099609375
0 0.7109375 0.3876953125 0.068359375 0.09375
0 0.587890625 0.509765625 0.0703125 0.1015625
0 0.341796875 0.4951171875 0.0625 0.087890625
0 0.681640625 0.2529296875 0.0546875 0.076171875
0 0.7265625 0.3037109375 0.060546875 0.08203125
0 0.6572265625 0.2900390625 0.056640625 0.080078125
0 0.5791015625 0.3095703125 0.0546875 0.076171875
0 0.5087890625 0.4150390625 0.05859375 0.08203125