0 0.330078125 0.794921875 0.134765625 0.228515625
0 0.490234375 0.724609375 0.12890625 0.2109375
0 0.34375 0.4912109375 0.09765625 0.15234375
0 0.4453125 0.4443359375 0.087890625 0.15234375
0 0.22265625 0.568359375 0.095703125 0.169921875
0 0.3759765625 0.3740234375 0.078125 0.126953125
0 0.1396484375 0.4873046875 0.09765625 0.15234375
0 0.1513671875 0.3828125 0.068359375 0.0859375
0 0.296875 0.2958984375 0.06640625 0.111328125
0 0.578125 0.6005859375 0.111328125 0.1875
0 0.6865234375 0.224609375 0.03515625 0.03125