0 0.32421875 0.8671875 0.130859375 0.205078125
0 0.2822265625 0.55859375 0.111328125 0.169921875
0 0.3134765625 0.4267578125 0.103515625 0.16015625
0 0.537109375 0.662109375 0.111328125 0.177734375
0 0.208984375 0.5009765625 0.109375 0.169921875
0 0.408203125 0.3837890625 0.095703125 0.154296875
0 0.1142578125 0.3427734375 0.103515625 0.154296875
0 0.333984375 0.2431640625 0.083984375 0.1328125
0 0.16015625 0.267578125 0.09765625 0.150390625
0 0.4619140625 0.8154296875 0.123046875 0.1953125
0 0.2470703125 0.078125 0.07421875 0.107421875