0 0.326171875 0.5126953125 0.05078125 0.0888671875
0 0.57421875 0.34375 0.0419921875 0.0732421875
0 0.544921875 0.5107421875 0.05078125 0.08984375
0 0.42578125 0.484375 0.048828125 0.087890625
0 0.6083984375 0.3935546875 0.044921875 0.0791015625
0 0.6064453125 0.5 0.05078125 0.091796875
0 0.6455078125 0.3046875 0.0390625 0.068359375
0 0.669921875 0.361328125 0.04296875 0.0751953125
0 0.37109375 0.427734375 0.0458984375 0.080078125
0 0.7607421875 0.2763671875 0.0400390625 0.06640625
0 0.791015625 0.3349609375 0.0439453125 0.0751953125
0 0.7548828125 0.412109375 0.048828125 0.0830078125
0 0.552734375 0.390625 0.0419921875 0.076171875
0 0.7275390625 0.306640625 0.041015625 0.0712890625