0 0.462890625 0.484375 0.0546875 0.08984375
0 0.341796875 0.4541015625 0.0546875 0.087890625
0 0.4775390625 0.294921875 0.044921875 0.076171875
0 0.2431640625 0.48828125 0.056640625 0.091796875
0 0.5146484375 0.353515625 0.048828125 0.080078125
0 0.5439453125 0.2529296875 0.041015625 0.068359375
0 0.5224609375 0.4736328125 0.052734375 0.091796875
0 0.279296875 0.390625 0.048828125 0.078125
0 0.572265625 0.314453125 0.044921875 0.076171875
0 0.65234375 0.21875 0.04296875 0.0703125
0 0.623046875 0.25390625 0.04296875 0.072265625
0 0.6865234375 0.2890625 0.044921875 0.07421875
0 0.6591796875 0.375 0.048828125 0.08203125
0 0.4609375 0.3486328125 0.044921875 0.076171875