0 0.61328125 0.4462890625 0.05078125 0.08984375
0 0.4951171875 0.400390625 0.048828125 0.083984375
0 0.3681640625 0.3662109375 0.044921875 0.078125
0 0.6806640625 0.2998046875 0.0390625 0.064453125
0 0.619140625 0.3154296875 0.0390625 0.064453125
0 0.3984375 0.4033203125 0.05078125 0.0859375
0 0.669921875 0.4482421875 0.05078125 0.0859375
0 0.7109375 0.349609375 0.04296875 0.072265625
0 0.7978515625 0.408203125 0.048828125 0.08203125
0 0.7861328125 0.2998046875 0.0390625 0.064453125
0 0.658203125 0.365234375 0.04296875 0.07421875
0 0.8212890625 0.3544921875 0.04296875 0.0703125
0 0.431640625 0.341796875 0.04296875 0.07421875