0 0.3115234375 0.455078125 0.103515625 0.185546875
0 0.5224609375 0.28515625 0.091796875 0.158203125
0 0.4033203125 0.4814453125 0.111328125 0.1875
0 0.4228515625 0.349609375 0.099609375 0.15234375
0 0.419921875 0.185546875 0.08203125 0.126953125
0 0.1884765625 0.349609375 0.099609375 0.166015625
0 0.654296875 0.658203125 0.130859375 0.22265625
0 0.1748046875 0.228515625 0.078125 0.125
0 0.7138671875 0.48828125 0.115234375 0.193359375
0 0.3037109375 0.0830078125 0.0703125 0.125
0 0.5009765625 0.7666015625 0.13671875 0.236328125
0 0.8876953125 0.1982421875 0.0546875 0.072265625