0 0.45703125 0.3642578125 0.056640625 0.080078125
0 0.44140625 0.439453125 0.068359375 0.099609375
0 0.51171875 0.3759765625 0.0546875 0.07421875
0 0.55078125 0.333984375 0.05078125 0.07421875
0 0.21875 0.39453125 0.06640625 0.09765625
0 0.6611328125 0.3388671875 0.048828125 0.072265625
0 0.501953125 0.4423828125 0.064453125 0.09765625
0 0.271484375 0.3515625 0.0546875 0.08203125
0 0.685546875 0.3828125 0.052734375 0.078125
0 0.3251953125 0.3994140625 0.0625 0.08984375
0 0.626953125 0.3525390625 0.048828125 0.072265625
0 0.6484375 0.4208984375 0.05859375 0.0859375