0 0.6904296875 0.4384765625 0.05859375 0.083984375
0 0.5234375 0.4375 0.064453125 0.08984375
0 0.6611328125 0.3828125 0.05078125 0.0703125
0 0.74609375 0.4375 0.056640625 0.080078125
0 0.47265625 0.3662109375 0.05859375 0.083984375
0 0.4072265625 0.3759765625 0.0625 0.087890625
0 0.724609375 0.3828125 0.048828125 0.0703125
0 0.828125 0.40625 0.048828125 0.0703125
0 0.4306640625 0.4189453125 0.06640625 0.09375
0 0.818359375 0.515625 0.064453125 0.087890625
0 0.8525390625 0.4677734375 0.056640625 0.078125
0 0.630859375 0.51171875 0.064453125 0.091796875
0 0.6865234375 0.5263671875 0.0625 0.091796875