0 0.5390625 0.5009765625 0.0537109375 0.0986328125
0 0.4189453125 0.4755859375 0.0517578125 0.08984375
0 0.603515625 0.49609375 0.052734375 0.0947265625
0 0.291015625 0.4609375 0.046875 0.0859375
0 0.611328125 0.42578125 0.046875 0.076171875
0 0.5810546875 0.3935546875 0.0380859375 0.0732421875
0 0.7626953125 0.447265625 0.0517578125 0.0859375
0 0.6767578125 0.4091796875 0.04296875 0.076171875
0 0.7734375 0.359375 0.041015625 0.072265625
0 0.3662109375 0.435546875 0.0439453125 0.076171875
0 0.8037109375 0.400390625 0.044921875 0.076171875
0 0.73828125 0.3779296875 0.041015625 0.0693359375