0 0.5390625 0.4755859375 0.060546875 0.09765625
0 0.6298828125 0.34375 0.044921875 0.072265625
0 0.59765625 0.3984375 0.05078125 0.076171875
0 0.5615234375 0.369140625 0.044921875 0.072265625
0 0.658203125 0.376953125 0.05078125 0.078125
0 0.7421875 0.32421875 0.044921875 0.0703125
0 0.283203125 0.455078125 0.05078125 0.0859375
0 0.599609375 0.4658203125 0.05859375 0.091796875
0 0.7109375 0.3447265625 0.044921875 0.072265625
0 0.775390625 0.36328125 0.048828125 0.076171875
0 0.416015625 0.458984375 0.0546875 0.087890625
0 0.3564453125 0.4228515625 0.048828125 0.080078125
0 0.744140625 0.4111328125 0.0546875 0.083984375