0 0.66015625 0.26953125 0.0458984375 0.0693359375
0 0.623046875 0.248046875 0.0380859375 0.0712890625
0 0.6650390625 0.3349609375 0.0517578125 0.0927734375
0 0.6923828125 0.220703125 0.0380859375 0.06640625
0 0.720703125 0.25 0.0439453125 0.0751953125
0 0.8095703125 0.1953125 0.0390625 0.0712890625
0 0.6025390625 0.34765625 0.0517578125 0.08984375
0 0.7763671875 0.21484375 0.041015625 0.0712890625
0 0.845703125 0.2265625 0.0458984375 0.0751953125
0 0.34765625 0.345703125 0.041015625 0.080078125
0 0.478515625 0.3427734375 0.0478515625 0.0849609375
0 0.814453125 0.2734375 0.048828125 0.0830078125
0 0.41796875 0.3134765625 0.0439453125 0.076171875