0 0.4365234375 0.474609375 0.068359375 0.099609375
0 0.2158203125 0.43359375 0.0703125 0.09765625
0 0.59375 0.330078125 0.056640625 0.0859375
0 0.50390625 0.2919921875 0.0546875 0.08203125
0 0.32421875 0.4208984375 0.064453125 0.095703125
0 0.5009765625 0.4736328125 0.064453125 0.099609375
0 0.7001953125 0.25390625 0.05078125 0.076171875
0 0.58203125 0.2646484375 0.05078125 0.07421875
0 0.28125 0.34765625 0.05859375 0.083984375
0 0.662109375 0.2802734375 0.052734375 0.078125
0 0.7158203125 0.326171875 0.056640625 0.08203125
0 0.525390625 0.3564453125 0.056640625 0.083984375
0 0.4716796875 0.3388671875 0.05859375 0.0859375
0 0.6630859375 0.4072265625 0.05859375 0.087890625