0 0.5390625 0.189453125 0.048828125 0.076171875
0 0.583984375 0.2412109375 0.05078125 0.080078125
0 0.5458984375 0.3466796875 0.05859375 0.09375
0 0.2880859375 0.298828125 0.05078125 0.083984375
0 0.63671875 0.212890625 0.048828125 0.078125
0 0.6015625 0.1591796875 0.04296875 0.068359375
0 0.3232421875 0.3349609375 0.05859375 0.091796875
0 0.7509765625 0.1962890625 0.048828125 0.07421875
0 0.6025390625 0.337890625 0.056640625 0.08984375
0 0.419921875 0.314453125 0.052734375 0.0859375
0 0.681640625 0.1650390625 0.044921875 0.072265625
0 0.708984375 0.138671875 0.044921875 0.068359375
0 0.3505859375 0.2578125 0.048828125 0.080078125
0 0.7294921875 0.2666015625 0.052734375 0.083984375