0 0.533203125 0.390625 0.04296875 0.0703125
0 0.4248046875 0.4853515625 0.05078125 0.08984375
0 0.4775390625 0.4091796875 0.04296875 0.068359375
0 0.44140625 0.3857421875 0.037109375 0.0703125
0 0.302734375 0.474609375 0.048828125 0.0859375
0 0.201171875 0.4970703125 0.05078125 0.08984375
0 0.505859375 0.3603515625 0.03515625 0.06640625
0 0.4833984375 0.4775390625 0.046875 0.0859375
0 0.2412109375 0.443359375 0.04296875 0.07421875
0 0.611328125 0.33984375 0.03515625 0.0625
0 0.64453125 0.375 0.0390625 0.0703125
0 0.58203125 0.359375 0.037109375 0.06640625
0 0.6181640625 0.4189453125 0.04296875 0.076171875