0 0.4169921875 0.533203125 0.099609375 0.169921875
0 0.615234375 0.7958984375 0.109375 0.19140625
0 0.4755859375 0.8662109375 0.1123046875 0.201171875
0 0.443359375 0.3916015625 0.0869140625 0.150390625
0 0.5390625 0.3359375 0.080078125 0.14453125
0 0.236328125 0.3203125 0.087890625 0.1484375
0 0.4560546875 0.1884765625 0.072265625 0.1279296875
0 0.33984375 0.4814453125 0.08984375 0.162109375
0 0.685546875 0.6259765625 0.0966796875 0.169921875
0 0.232421875 0.177734375 0.0732421875 0.1337890625
0 0.359375 0.0380859375 0.064453125 0.076171875