0 0.4775390625 0.3486328125 0.0390625 0.072265625
0 0.51171875 0.3759765625 0.0439453125 0.0693359375
0 0.4541015625 0.4501953125 0.0517578125 0.091796875
0 0.201171875 0.423828125 0.044921875 0.0849609375
0 0.2734375 0.3955078125 0.0458984375 0.0791015625
0 0.54296875 0.3271484375 0.037109375 0.0654296875
0 0.65234375 0.3125 0.03515625 0.0634765625
0 0.5693359375 0.361328125 0.041015625 0.072265625
0 0.513671875 0.443359375 0.048828125 0.087890625
0 0.68359375 0.3486328125 0.041015625 0.0693359375
0 0.654296875 0.3916015625 0.046875 0.080078125
0 0.3330078125 0.43359375 0.0478515625 0.0849609375
0 0.62109375 0.330078125 0.0380859375 0.068359375