0 0.4169921875 0.439453125 0.0625 0.09765625
0 0.4541015625 0.33984375 0.044921875 0.076171875
0 0.1904296875 0.41015625 0.0625 0.095703125
0 0.2978515625 0.40625 0.060546875 0.09375
0 0.521484375 0.3271484375 0.044921875 0.072265625
0 0.2412109375 0.36328125 0.052734375 0.08203125
0 0.5439453125 0.3642578125 0.048828125 0.07421875
0 0.478515625 0.4384765625 0.05859375 0.09375
0 0.484375 0.373046875 0.048828125 0.0703125
0 0.630859375 0.326171875 0.04296875 0.068359375
0 0.625 0.4052734375 0.0546875 0.0859375
0 0.6572265625 0.3662109375 0.048828125 0.07421875
0 0.5986328125 0.3408203125 0.044921875 0.072265625