0 0.5107421875 0.7109375 0.1123046875 0.19921875
0 0.3525390625 0.7265625 0.1171875 0.203125
0 0.2568359375 0.5009765625 0.07421875 0.1318359375
0 0.3154296875 0.458984375 0.0673828125 0.095703125
0 0.4375 0.4765625 0.0732421875 0.08984375
0 0.3720703125 0.58203125 0.08984375 0.1416015625
0 0.30859375 0.5634765625 0.0791015625 0.1513671875
0 0.529296875 0.5205078125 0.080078125 0.138671875
0 0.4287109375 0.3974609375 0.056640625 0.0888671875
0 0.283203125 0.42578125 0.052734375 0.056640625
0 0.482421875 0.4658203125 0.0625 0.1181640625
0 0.4306640625 0.537109375 0.0810546875 0.14453125
0 0.62109375 0.6357421875 0.099609375 0.150390625