0 0.125 0.8173828125 0.16796875 0.248046875
0 0.3046875 0.7861328125 0.15234375 0.23046875
0 0.234375 0.578125 0.111328125 0.1640625
0 0.248046875 0.4130859375 0.076171875 0.111328125
0 0.2978515625 0.490234375 0.087890625 0.134765625
0 0.3447265625 0.556640625 0.10546875 0.16015625
0 0.0791015625 0.447265625 0.0703125 0.078125
0 0.09375 0.6142578125 0.1171875 0.181640625
0 0.4296875 0.6943359375 0.126953125 0.18359375
0 0.0478515625 0.5380859375 0.095703125 0.162109375
0 0.5830078125 0.3671875 0.044921875 0.064453125
0 0.564453125 0.556640625 0.0390625 0.056640625