0 0.505859375 0.212890625 0.0390625 0.0712890625
0 0.501953125 0.3544921875 0.0517578125 0.091796875
0 0.314453125 0.27734375 0.044921875 0.078125
0 0.568359375 0.18359375 0.0390625 0.0693359375
0 0.64453125 0.1865234375 0.0380859375 0.0712890625
0 0.25 0.318359375 0.044921875 0.078125
0 0.5458984375 0.2578125 0.041015625 0.0732421875
0 0.55859375 0.3427734375 0.046875 0.0849609375
0 0.671875 0.1630859375 0.0361328125 0.0625
0 0.5986328125 0.2314453125 0.0400390625 0.0712890625
0 0.7080078125 0.2138671875 0.0400390625 0.0693359375
0 0.685546875 0.27734375 0.0439453125 0.076171875
0 0.380859375 0.328125 0.0458984375 0.08203125
0 0.2841796875 0.3515625 0.0458984375 0.0830078125