0 0.48828125 0.4609375 0.0703125 0.09765625
0 0.548828125 0.4638671875 0.068359375 0.09765625
0 0.3828125 0.3974609375 0.068359375 0.09375
0 0.5751953125 0.3515625 0.0625 0.0859375
0 0.5556640625 0.2861328125 0.056640625 0.080078125
0 0.2783203125 0.4013671875 0.0703125 0.09765625
0 0.33984375 0.3203125 0.0625 0.0859375
0 0.6298828125 0.263671875 0.052734375 0.072265625
0 0.744140625 0.2626953125 0.052734375 0.07421875
0 0.7060546875 0.2880859375 0.056640625 0.078125
0 0.7578125 0.337890625 0.05859375 0.080078125
0 0.6396484375 0.3310546875 0.060546875 0.0859375
0 0.5244140625 0.3310546875 0.05859375 0.08203125
0 0.7060546875 0.412109375 0.064453125 0.087890625