0 0.5302734375 0.21875 0.0400390625 0.0712890625
0 0.52734375 0.3564453125 0.048828125 0.08984375
0 0.669921875 0.193359375 0.0390625 0.068359375
0 0.697265625 0.169921875 0.0361328125 0.0654296875
0 0.591796875 0.1904296875 0.037109375 0.0634765625
0 0.5712890625 0.263671875 0.041015625 0.072265625
0 0.2763671875 0.3212890625 0.04296875 0.078125
0 0.7333984375 0.2216796875 0.0400390625 0.068359375
0 0.5830078125 0.3486328125 0.046875 0.0859375
0 0.623046875 0.236328125 0.041015625 0.0732421875
0 0.30859375 0.353515625 0.048828125 0.087890625
0 0.4052734375 0.3310546875 0.046875 0.08203125
0 0.3408203125 0.283203125 0.0439453125 0.0751953125
0 0.7109375 0.2822265625 0.0478515625 0.080078125