0 0.642578125 0.3154296875 0.041015625 0.0703125
0 0.638671875 0.4560546875 0.052734375 0.091796875
0 0.5146484375 0.427734375 0.052734375 0.08984375
0 0.7392578125 0.3349609375 0.046875 0.076171875
0 0.70703125 0.2880859375 0.041015625 0.068359375
0 0.68359375 0.361328125 0.046875 0.078125
0 0.41796875 0.447265625 0.0546875 0.08984375
0 0.818359375 0.2685546875 0.04296875 0.068359375
0 0.44921875 0.3779296875 0.048828125 0.080078125
0 0.69921875 0.44921875 0.052734375 0.08984375
0 0.859375 0.3193359375 0.046875 0.07421875
0 0.7890625 0.291015625 0.044921875 0.072265625
0 0.833984375 0.3837890625 0.052734375 0.08203125