0 0.41015625 0.2158203125 0.056640625 0.078125
0 0.4384765625 0.3525390625 0.068359375 0.09765625
0 0.458984375 0.2490234375 0.05859375 0.08203125
0 0.314453125 0.359375 0.064453125 0.091796875
0 0.2236328125 0.4052734375 0.068359375 0.095703125
0 0.5390625 0.15625 0.052734375 0.076171875
0 0.50390625 0.2099609375 0.056640625 0.078125
0 0.4638671875 0.171875 0.05078125 0.072265625
0 0.18359375 0.3798828125 0.0625 0.08984375
0 0.4912109375 0.3310546875 0.06640625 0.09375
0 0.560546875 0.1279296875 0.048828125 0.0703125
0 0.60546875 0.16796875 0.052734375 0.076171875
0 0.23828125 0.3271484375 0.05859375 0.08203125
0 0.5986328125 0.234375 0.05859375 0.083984375