0 0.5498046875 0.52734375 0.0546875 0.087890625
0 0.54296875 0.3525390625 0.044921875 0.072265625
0 0.5849609375 0.4033203125 0.046875 0.076171875
0 0.6357421875 0.3642578125 0.046875 0.07421875
0 0.427734375 0.5048828125 0.052734375 0.0859375
0 0.3359375 0.5419921875 0.052734375 0.0859375
0 0.6025390625 0.30859375 0.041015625 0.06640625
0 0.705078125 0.2724609375 0.041015625 0.06640625
0 0.60546875 0.5107421875 0.05078125 0.0859375
0 0.7451171875 0.33203125 0.044921875 0.072265625
0 0.3017578125 0.5048828125 0.048828125 0.078125
0 0.7265625 0.4150390625 0.048828125 0.078125
0 0.6787109375 0.3046875 0.04296875 0.068359375
0 0.361328125 0.451171875 0.046875 0.07421875