0 0.5068359375 0.7109375 0.115234375 0.201171875
0 0.3486328125 0.7236328125 0.12109375 0.205078125
0 0.2568359375 0.4970703125 0.076171875 0.1328125
0 0.31640625 0.4560546875 0.068359375 0.09765625
0 0.4375 0.4755859375 0.07421875 0.091796875
0 0.37109375 0.580078125 0.091796875 0.142578125
0 0.3076171875 0.560546875 0.08203125 0.15234375
0 0.529296875 0.521484375 0.08203125 0.140625
0 0.4306640625 0.396484375 0.05859375 0.08984375
0 0.2841796875 0.421875 0.0546875 0.056640625
0 0.4833984375 0.4658203125 0.064453125 0.119140625
0 0.4296875 0.5361328125 0.083984375 0.146484375
0 0.619140625 0.6376953125 0.1015625 0.15234375