0 0.494140625 0.5771484375 0.0625 0.091796875
0 0.2841796875 0.5322265625 0.0625 0.09375
0 0.6162109375 0.44921875 0.052734375 0.078125
0 0.55859375 0.4697265625 0.0546875 0.080078125
0 0.3828125 0.5224609375 0.060546875 0.08984375
0 0.5283203125 0.4111328125 0.05078125 0.076171875
0 0.6884765625 0.521484375 0.056640625 0.08203125
0 0.595703125 0.3857421875 0.046875 0.068359375
0 0.701171875 0.380859375 0.046875 0.068359375
0 0.2607421875 0.486328125 0.05859375 0.087890625
0 0.669921875 0.404296875 0.05078125 0.07421875
0 0.330078125 0.4521484375 0.056640625 0.08203125
0 0.5517578125 0.578125 0.05859375 0.0859375
0 0.724609375 0.44921875 0.05078125 0.072265625