0 0.7578125 0.2861328125 0.0458984375 0.080078125
0 0.658203125 0.2822265625 0.0380859375 0.0732421875
0 0.693359375 0.3076171875 0.046875 0.0732421875
0 0.6904296875 0.37890625 0.0546875 0.095703125
0 0.50390625 0.37890625 0.05078125 0.08984375
0 0.818359375 0.25 0.04296875 0.0751953125
0 0.625 0.388671875 0.052734375 0.0947265625
0 0.375 0.3779296875 0.0439453125 0.0859375
0 0.8544921875 0.228515625 0.041015625 0.0712890625
0 0.888671875 0.263671875 0.0478515625 0.078125
0 0.8505859375 0.3154296875 0.0517578125 0.0859375
0 0.4482421875 0.3447265625 0.044921875 0.0791015625