0 0.537109375 0.4912109375 0.052734375 0.08984375
0 0.541015625 0.3125 0.04296875 0.0703125
0 0.4189453125 0.462890625 0.05078125 0.083984375
0 0.3232421875 0.494140625 0.052734375 0.0859375
0 0.58203125 0.3662109375 0.044921875 0.076171875
0 0.6044921875 0.271484375 0.0390625 0.064453125
0 0.7099609375 0.2392578125 0.0390625 0.064453125
0 0.5947265625 0.4775390625 0.05078125 0.087890625
0 0.6826171875 0.271484375 0.04296875 0.0703125
0 0.291015625 0.455078125 0.046875 0.078125
0 0.7470703125 0.3046875 0.04296875 0.0703125
0 0.634765625 0.330078125 0.04296875 0.072265625
0 0.353515625 0.40234375 0.046875 0.078125
0 0.72265625 0.3857421875 0.046875 0.078125