0 0.61328125 0.798828125 0.1083984375 0.19140625
0 0.4140625 0.5361328125 0.09765625 0.169921875
0 0.439453125 0.392578125 0.0859375 0.1513671875
0 0.3359375 0.482421875 0.0927734375 0.1650390625
0 0.4755859375 0.8701171875 0.111328125 0.201171875
0 0.451171875 0.189453125 0.072265625 0.1259765625
0 0.2314453125 0.3212890625 0.0859375 0.1484375
0 0.68359375 0.6259765625 0.095703125 0.169921875
0 0.5341796875 0.337890625 0.0810546875 0.1455078125
0 0.2275390625 0.1787109375 0.0732421875 0.1337890625
0 0.3525390625 0.0380859375 0.064453125 0.076171875