0 0.5458984375 0.216796875 0.048828125 0.076171875
0 0.5224609375 0.3564453125 0.064453125 0.09765625
0 0.34765625 0.25390625 0.0546875 0.083984375
0 0.611328125 0.1962890625 0.048828125 0.07421875
0 0.6865234375 0.2099609375 0.046875 0.076171875
0 0.27734375 0.28515625 0.0546875 0.083984375
0 0.5791015625 0.2666015625 0.05078125 0.078125
0 0.580078125 0.3525390625 0.05859375 0.08984375
0 0.716796875 0.1904296875 0.044921875 0.06640625
0 0.634765625 0.248046875 0.048828125 0.076171875
0 0.74609375 0.2451171875 0.048828125 0.07421875
0 0.71484375 0.3056640625 0.0546875 0.08203125
0 0.40625 0.3134765625 0.056640625 0.087890625
0 0.306640625 0.3232421875 0.056640625 0.087890625