0 0.5673828125 0.529296875 0.052734375 0.0947265625
0 0.3466796875 0.5205078125 0.0517578125 0.091796875
0 0.4501953125 0.4931640625 0.0498046875 0.0888671875
0 0.630859375 0.517578125 0.05078125 0.0927734375
0 0.609375 0.349609375 0.04296875 0.076171875
0 0.791015625 0.4296875 0.0517578125 0.08984375
0 0.705078125 0.3701171875 0.044921875 0.0791015625
0 0.6396484375 0.4052734375 0.0458984375 0.08203125
0 0.68359375 0.3115234375 0.0400390625 0.0712890625
0 0.833984375 0.34765625 0.044921875 0.0791015625
0 0.3974609375 0.4326171875 0.044921875 0.076171875
0 0.8056640625 0.2802734375 0.0419921875 0.072265625
0 0.5830078125 0.400390625 0.0419921875 0.078125
0 0.7685546875 0.3134765625 0.0419921875 0.072265625