0 0.54296875 0.494140625 0.06640625 0.099609375
0 0.326171875 0.462890625 0.068359375 0.099609375
0 0.4306640625 0.447265625 0.0625 0.095703125
0 0.6064453125 0.3310546875 0.0546875 0.08203125
0 0.607421875 0.4931640625 0.06640625 0.099609375
0 0.68359375 0.302734375 0.05078125 0.07421875
0 0.7666015625 0.31640625 0.0546875 0.08203125
0 0.62890625 0.3857421875 0.05859375 0.0859375
0 0.8056640625 0.2900390625 0.05078125 0.076171875
0 0.69921875 0.3623046875 0.05859375 0.083984375
0 0.38671875 0.3837890625 0.05859375 0.083984375
0 0.7724609375 0.427734375 0.0625 0.09375
0 0.57421875 0.375 0.056640625 0.083984375
0 0.8251953125 0.35546875 0.056640625 0.08203125