0 0.4453125 0.5205078125 0.05859375 0.095703125
0 0.587890625 0.361328125 0.05078125 0.08203125
0 0.22265625 0.505859375 0.060546875 0.095703125
0 0.5234375 0.3935546875 0.05078125 0.083984375
0 0.5712890625 0.2998046875 0.044921875 0.072265625
0 0.3291015625 0.48046875 0.05859375 0.09375
0 0.6513671875 0.3056640625 0.046875 0.07421875
0 0.4677734375 0.3837890625 0.05078125 0.08203125
0 0.7109375 0.3427734375 0.05078125 0.080078125
0 0.6669921875 0.427734375 0.0546875 0.087890625
0 0.279296875 0.4140625 0.0546875 0.08203125
0 0.49609375 0.3369140625 0.044921875 0.07421875
0 0.6884765625 0.275390625 0.044921875 0.068359375
0 0.5087890625 0.5126953125 0.05859375 0.095703125