0 0.4462890625 0.44921875 0.052734375 0.0927734375
0 0.3251953125 0.4306640625 0.0498046875 0.0859375
0 0.4482421875 0.3740234375 0.0439453125 0.0751953125
0 0.5625 0.3603515625 0.04296875 0.0732421875
0 0.220703125 0.447265625 0.05078125 0.0888671875
0 0.50390625 0.375 0.0439453125 0.0693359375
0 0.53515625 0.3271484375 0.0390625 0.068359375
0 0.5068359375 0.4423828125 0.048828125 0.08984375
0 0.263671875 0.3935546875 0.0439453125 0.076171875
0 0.67578125 0.349609375 0.041015625 0.0693359375
0 0.64453125 0.3134765625 0.03515625 0.0634765625
0 0.61328125 0.3310546875 0.037109375 0.068359375
0 0.646484375 0.3955078125 0.044921875 0.0791015625