0 0.4658203125 0.5751953125 0.05859375 0.091796875
0 0.5234375 0.4658203125 0.05078125 0.078125
0 0.251953125 0.537109375 0.060546875 0.091796875
0 0.490234375 0.40625 0.05078125 0.07421875
0 0.5224609375 0.572265625 0.056640625 0.087890625
0 0.5556640625 0.3818359375 0.044921875 0.068359375
0 0.224609375 0.4921875 0.0546875 0.083984375
0 0.3515625 0.5244140625 0.060546875 0.08984375
0 0.6591796875 0.375 0.04296875 0.06640625
0 0.685546875 0.4404296875 0.048828125 0.07421875
0 0.6298828125 0.3974609375 0.046875 0.072265625
0 0.2939453125 0.4560546875 0.05078125 0.078125
0 0.578125 0.4443359375 0.046875 0.07421875
0 0.654296875 0.5126953125 0.05078125 0.078125