0 0.5712890625 0.8779296875 0.12109375 0.205078125
0 0.126953125 0.4677734375 0.103515625 0.166015625
0 0.4482421875 0.4306640625 0.08984375 0.15234375
0 0.353515625 0.5 0.099609375 0.16015625
0 0.3505859375 0.3017578125 0.080078125 0.130859375
0 0.2509765625 0.61328125 0.103515625 0.17578125
0 0.3369140625 0.6513671875 0.109375 0.1796875
0 0.6259765625 0.689453125 0.109375 0.18359375
0 0.11328125 0.3291015625 0.083984375 0.138671875
0 0.2353515625 0.1513671875 0.072265625 0.125
0 0.4267578125 0.935546875 0.126953125 0.12890625