0 0.5986328125 0.7822265625 0.107421875 0.185546875
0 0.4609375 0.830078125 0.111328125 0.1953125
0 0.455078125 0.3671875 0.0859375 0.1484375
0 0.478515625 0.1689453125 0.072265625 0.126953125
0 0.4228515625 0.50390625 0.09375 0.162109375
0 0.3515625 0.4404296875 0.09375 0.162109375
0 0.2587890625 0.2666015625 0.0859375 0.146484375
0 0.55078125 0.3251953125 0.080078125 0.142578125
0 0.6767578125 0.6240234375 0.095703125 0.166015625
0 0.263671875 0.126953125 0.07421875 0.1328125
0 0.3935546875 0.01953125 0.060546875 0.0390625