0 0.4423828125 0.82421875 0.1083984375 0.193359375
0 0.3994140625 0.4970703125 0.095703125 0.1640625
0 0.5263671875 0.3203125 0.078125 0.140625
0 0.4326171875 0.361328125 0.083984375 0.1455078125
0 0.453125 0.1630859375 0.0712890625 0.1259765625
0 0.2333984375 0.2607421875 0.083984375 0.1455078125
0 0.328125 0.4345703125 0.0908203125 0.1611328125
0 0.654296875 0.62109375 0.091796875 0.162109375
0 0.578125 0.77734375 0.103515625 0.18359375
0 0.234375 0.1201171875 0.072265625 0.1318359375
0 0.3662109375 0.0166015625 0.056640625 0.033203125