0 0.73828125 0.2646484375 0.052734375 0.083984375
0 0.638671875 0.26953125 0.044921875 0.076171875
0 0.67578125 0.291015625 0.052734375 0.076171875
0 0.6787109375 0.3623046875 0.0625 0.099609375
0 0.4931640625 0.37890625 0.05859375 0.09375
0 0.794921875 0.2236328125 0.048828125 0.078125
0 0.615234375 0.3779296875 0.060546875 0.099609375
0 0.365234375 0.3896484375 0.05078125 0.08984375
0 0.8291015625 0.1982421875 0.046875 0.07421875
0 0.8662109375 0.23046875 0.0546875 0.08203125
0 0.8330078125 0.28515625 0.05859375 0.08984375
0 0.4345703125 0.349609375 0.05078125 0.08203125