0 0.556640625 0.3701171875 0.0390625 0.0732421875
0 0.587890625 0.4033203125 0.0458984375 0.076171875
0 0.39453125 0.455078125 0.052734375 0.0888671875
0 0.515625 0.4775390625 0.0537109375 0.095703125
0 0.5791015625 0.47265625 0.0537109375 0.095703125
0 0.6298828125 0.3505859375 0.041015625 0.0712890625
0 0.341796875 0.4150390625 0.0458984375 0.080078125
0 0.265625 0.443359375 0.044921875 0.08203125
0 0.77734375 0.3779296875 0.044921875 0.0751953125
0 0.7490234375 0.337890625 0.0390625 0.068359375
0 0.7373046875 0.423828125 0.0498046875 0.0849609375
0 0.712890625 0.35546875 0.0419921875 0.072265625