0 0.5380859375 0.8935546875 0.146484375 0.212890625
0 0.6630859375 0.794921875 0.14453125 0.212890625
0 0.4111328125 0.435546875 0.11328125 0.166015625
0 0.384765625 0.2353515625 0.09375 0.13671875
0 0.3271484375 0.546875 0.123046875 0.181640625
0 0.4140625 0.5830078125 0.12890625 0.189453125
0 0.1904296875 0.412109375 0.11328125 0.166015625
0 0.69921875 0.6103515625 0.125 0.185546875
0 0.49609375 0.36328125 0.10546875 0.16015625
0 0.16015625 0.2734375 0.09765625 0.14453125
0 0.255859375 0.0927734375 0.083984375 0.12109375