0 0.66796875 0.275390625 0.048828125 0.0703125
0 0.6318359375 0.2529296875 0.041015625 0.072265625
0 0.6708984375 0.3408203125 0.0546875 0.09375
0 0.7021484375 0.2275390625 0.041015625 0.068359375
0 0.7294921875 0.2578125 0.046875 0.076171875
0 0.8203125 0.2060546875 0.041015625 0.072265625
0 0.607421875 0.3515625 0.0546875 0.091796875
0 0.7861328125 0.224609375 0.04296875 0.072265625
0 0.85546875 0.2392578125 0.048828125 0.076171875
0 0.353515625 0.3408203125 0.04296875 0.08203125
0 0.484375 0.341796875 0.05078125 0.0859375
0 0.822265625 0.2841796875 0.05078125 0.083984375
0 0.4248046875 0.310546875 0.046875 0.078125