0 0.74609375 0.2724609375 0.05078125 0.08203125
0 0.646484375 0.2744140625 0.041015625 0.07421875
0 0.6826171875 0.2978515625 0.05078125 0.076171875
0 0.68359375 0.369140625 0.060546875 0.09765625
0 0.498046875 0.37890625 0.0546875 0.091796875
0 0.8046875 0.2333984375 0.046875 0.078125
0 0.619140625 0.3818359375 0.05859375 0.09765625
0 0.369140625 0.384765625 0.048828125 0.087890625
0 0.83984375 0.2099609375 0.044921875 0.07421875
0 0.8759765625 0.244140625 0.052734375 0.080078125
0 0.8408203125 0.296875 0.056640625 0.087890625
0 0.4404296875 0.34765625 0.048828125 0.08203125