0 0.490234375 0.8388671875 0.12890625 0.201171875
0 0.6181640625 0.7734375 0.125 0.1953125
0 0.40625 0.521484375 0.115234375 0.173828125
0 0.4208984375 0.3828125 0.1015625 0.158203125
0 0.4169921875 0.1845703125 0.0859375 0.1328125
0 0.328125 0.46875 0.10546875 0.1640625
0 0.5087890625 0.330078125 0.095703125 0.150390625
0 0.212890625 0.3076171875 0.1015625 0.154296875
0 0.6728515625 0.6083984375 0.11328125 0.177734375
0 0.1953125 0.1689453125 0.087890625 0.138671875
0 0.3115234375 0.0439453125 0.068359375 0.056640625