0 0.666015625 0.2861328125 0.0439453125 0.0693359375
0 0.603515625 0.3720703125 0.052734375 0.0947265625
0 0.62890625 0.265625 0.0380859375 0.072265625
0 0.728515625 0.2607421875 0.044921875 0.076171875
0 0.8203125 0.1923828125 0.0380859375 0.0712890625
0 0.3525390625 0.3916015625 0.0439453125 0.0830078125
0 0.7861328125 0.216796875 0.041015625 0.072265625
0 0.6669921875 0.35546875 0.05078125 0.091796875
0 0.48046875 0.3779296875 0.048828125 0.0859375
0 0.423828125 0.3525390625 0.0458984375 0.0791015625
0 0.85546875 0.22265625 0.0458984375 0.078125
0 0.8203125 0.2744140625 0.0517578125 0.0849609375