0 0.4111328125 0.4482421875 0.052734375 0.0927734375
0 0.4375 0.345703125 0.0380859375 0.072265625
0 0.1826171875 0.443359375 0.052734375 0.08984375
0 0.2890625 0.427734375 0.05078125 0.0888671875
0 0.5029296875 0.326171875 0.037109375 0.068359375
0 0.228515625 0.390625 0.044921875 0.078125
0 0.529296875 0.3603515625 0.041015625 0.0712890625
0 0.47265625 0.44140625 0.048828125 0.08984375
0 0.470703125 0.375 0.04296875 0.06640625
0 0.6123046875 0.3134765625 0.037109375 0.0654296875
0 0.6142578125 0.392578125 0.046875 0.08203125
0 0.642578125 0.3505859375 0.041015625 0.0712890625
0 0.5810546875 0.3310546875 0.037109375 0.068359375