0 0.6171875 0.5322265625 0.072265625 0.103515625
0 0.3046875 0.55859375 0.060546875 0.08984375
0 0.5732421875 0.435546875 0.052734375 0.078125
0 0.5556640625 0.548828125 0.0703125 0.103515625
0 0.6123046875 0.4619140625 0.060546875 0.083984375
0 0.6708984375 0.4326171875 0.05859375 0.0859375
0 0.3720703125 0.5185546875 0.060546875 0.0859375
0 0.431640625 0.5478515625 0.068359375 0.09765625
0 0.7568359375 0.365234375 0.052734375 0.076171875
0 0.79296875 0.3974609375 0.05859375 0.08203125
0 0.7255859375 0.3896484375 0.056640625 0.080078125
0 0.763671875 0.455078125 0.064453125 0.09375