0 0.5263671875 0.53515625 0.07421875 0.107421875
0 0.611328125 0.4697265625 0.060546875 0.083984375
0 0.591796875 0.5380859375 0.072265625 0.10546875
0 0.5859375 0.435546875 0.0546875 0.080078125
0 0.677734375 0.462890625 0.060546875 0.0859375
0 0.3046875 0.49609375 0.068359375 0.099609375
0 0.3671875 0.451171875 0.064453125 0.08984375
0 0.7822265625 0.4267578125 0.052734375 0.07421875
0 0.412109375 0.4970703125 0.06640625 0.09375
0 0.8046875 0.4697265625 0.060546875 0.08203125
0 0.755859375 0.51171875 0.068359375 0.09765625
0 0.744140625 0.4404296875 0.0546875 0.078125