0 0.236328125 0.59765625 0.1015625 0.177734375
0 0.1171875 0.447265625 0.099609375 0.1640625
0 0.345703125 0.48828125 0.09375 0.1572265625
0 0.443359375 0.423828125 0.083984375 0.1513671875
0 0.349609375 0.2900390625 0.0771484375 0.1279296875
0 0.32421875 0.638671875 0.1025390625 0.177734375
0 0.61328125 0.6865234375 0.1025390625 0.181640625
0 0.2392578125 0.13671875 0.0673828125 0.1240234375
0 0.1083984375 0.30859375 0.0810546875 0.1357421875
0 0.404296875 0.9306640625 0.1220703125 0.1337890625
0 0.548828125 0.876953125 0.1142578125 0.2041015625