0 0.2880859375 0.5517578125 0.048828125 0.0849609375
0 0.50390625 0.5625 0.046875 0.0830078125
0 0.5595703125 0.5556640625 0.0458984375 0.0830078125
0 0.5048828125 0.3974609375 0.0390625 0.06640625
0 0.5966796875 0.4208984375 0.0400390625 0.0693359375
0 0.544921875 0.451171875 0.041015625 0.0732421875
0 0.6826171875 0.4794921875 0.0439453125 0.078125
0 0.255859375 0.51171875 0.0439453125 0.076171875
0 0.3837890625 0.529296875 0.046875 0.0830078125
0 0.66796875 0.3427734375 0.0361328125 0.0625
0 0.56640625 0.36328125 0.03515625 0.0625
0 0.6416015625 0.369140625 0.0380859375 0.06640625
0 0.318359375 0.466796875 0.0439453125 0.0751953125
0 0.7041015625 0.4052734375 0.0390625 0.06640625