0 0.68359375 0.294921875 0.056640625 0.080078125
0 0.71484375 0.322265625 0.060546875 0.078125
0 0.5126953125 0.365234375 0.0703125 0.09765625
0 0.69921875 0.388671875 0.07421875 0.103515625
0 0.78125 0.3125 0.0625 0.083984375
0 0.6337890625 0.3916015625 0.07421875 0.103515625
0 0.8857421875 0.2705078125 0.056640625 0.078125
0 0.8466796875 0.2861328125 0.05859375 0.080078125
0 0.3837890625 0.34765625 0.064453125 0.09375
0 0.9130859375 0.3076171875 0.06640625 0.087890625
0 0.462890625 0.3271484375 0.060546875 0.083984375
0 0.8662109375 0.3505859375 0.0703125 0.095703125