0 0.4501953125 0.4912109375 0.05078125 0.0888671875
0 0.51171875 0.4814453125 0.0517578125 0.08984375
0 0.228515625 0.482421875 0.052734375 0.091796875
0 0.48046875 0.2978515625 0.04296875 0.0732421875
0 0.3310546875 0.453125 0.048828125 0.087890625
0 0.630859375 0.263671875 0.041015625 0.072265625
0 0.6630859375 0.23046875 0.0390625 0.0693359375
0 0.55078125 0.259765625 0.0380859375 0.06640625
0 0.2734375 0.3837890625 0.0478515625 0.0791015625
0 0.513671875 0.359375 0.0439453125 0.0791015625
0 0.57421875 0.3251953125 0.041015625 0.072265625
0 0.69140625 0.302734375 0.041015625 0.072265625
0 0.65625 0.3896484375 0.046875 0.08203125
0 0.4580078125 0.3525390625 0.041015625 0.076171875