0 0.6025390625 0.41015625 0.0625 0.095703125
0 0.48828125 0.35546875 0.060546875 0.08984375
0 0.6240234375 0.279296875 0.046875 0.0703125
0 0.4326171875 0.29296875 0.056640625 0.08203125
0 0.6572265625 0.416015625 0.060546875 0.091796875
0 0.3916015625 0.353515625 0.0625 0.09375
0 0.689453125 0.2685546875 0.046875 0.068359375
0 0.3662109375 0.3134765625 0.052734375 0.08203125
0 0.794921875 0.2744140625 0.046875 0.068359375
0 0.6572265625 0.3310546875 0.052734375 0.080078125
0 0.822265625 0.3310546875 0.052734375 0.076171875
0 0.7119140625 0.3193359375 0.052734375 0.078125
0 0.763671875 0.291015625 0.048828125 0.0703125
0 0.7919921875 0.3837890625 0.056640625 0.08203125