0 0.439453125 0.4638671875 0.052734375 0.0947265625
0 0.47265625 0.265625 0.0419921875 0.0751953125
0 0.4501953125 0.318359375 0.044921875 0.08203125
0 0.5439453125 0.22265625 0.041015625 0.0693359375
0 0.501953125 0.451171875 0.0517578125 0.0947265625
0 0.21484375 0.4580078125 0.0537109375 0.091796875
0 0.3203125 0.4267578125 0.052734375 0.0927734375
0 0.650390625 0.3544921875 0.0478515625 0.0849609375
0 0.5673828125 0.2900390625 0.0439453125 0.0791015625
0 0.6875 0.265625 0.044921875 0.078125
0 0.2626953125 0.357421875 0.044921875 0.0791015625
0 0.658203125 0.193359375 0.0390625 0.0693359375
0 0.505859375 0.328125 0.0439453125 0.076171875
0 0.625 0.228515625 0.0400390625 0.0712890625