0 0.44140625 0.5302734375 0.056640625 0.09375
0 0.216796875 0.525390625 0.056640625 0.09375
0 0.66015625 0.4296875 0.052734375 0.087890625
0 0.5625 0.3046875 0.044921875 0.07421875
0 0.515625 0.40234375 0.048828125 0.08203125
0 0.50390625 0.5205078125 0.0546875 0.095703125
0 0.4609375 0.39453125 0.048828125 0.083984375
0 0.642578125 0.3095703125 0.046875 0.078125
0 0.4873046875 0.34375 0.046875 0.078125
0 0.6787109375 0.27734375 0.04296875 0.0703125
0 0.7041015625 0.3447265625 0.048828125 0.078125
0 0.5810546875 0.3681640625 0.046875 0.078125
0 0.2705078125 0.431640625 0.052734375 0.08203125
0 0.32421875 0.4970703125 0.052734375 0.087890625