0 0.640625 0.2509765625 0.044921875 0.068359375
0 0.6025390625 0.234375 0.0390625 0.0732421875
0 0.671875 0.201171875 0.0390625 0.068359375
0 0.701171875 0.228515625 0.044921875 0.076171875
0 0.7890625 0.1669921875 0.0390625 0.0693359375
0 0.64453125 0.3203125 0.048828125 0.08984375
0 0.4580078125 0.3369140625 0.048828125 0.087890625
0 0.58203125 0.3349609375 0.05078125 0.08984375
0 0.3984375 0.3125 0.044921875 0.080078125
0 0.328125 0.3525390625 0.0419921875 0.080078125
0 0.7568359375 0.1884765625 0.041015625 0.072265625
0 0.8251953125 0.1953125 0.044921875 0.076171875
0 0.7939453125 0.244140625 0.048828125 0.0849609375