0 0.4462890625 0.455078125 0.064453125 0.09765625
0 0.224609375 0.4228515625 0.064453125 0.09765625
0 0.6689453125 0.3740234375 0.05859375 0.091796875
0 0.50390625 0.265625 0.048828125 0.076171875
0 0.474609375 0.3134765625 0.0546875 0.087890625
0 0.580078125 0.23046875 0.046875 0.072265625
0 0.5087890625 0.4501953125 0.0625 0.09765625
0 0.529296875 0.328125 0.0546875 0.0859375
0 0.3330078125 0.404296875 0.064453125 0.09765625
0 0.5947265625 0.2998046875 0.05078125 0.080078125
0 0.283203125 0.33203125 0.0546875 0.083984375
0 0.716796875 0.2880859375 0.052734375 0.08203125
0 0.6982421875 0.2158203125 0.046875 0.07421875
0 0.66015625 0.24609375 0.048828125 0.076171875