0 0.48046875 0.3837890625 0.0478515625 0.0830078125
0 0.6005859375 0.421875 0.048828125 0.087890625
0 0.384765625 0.3955078125 0.048828125 0.0849609375
0 0.6005859375 0.2900390625 0.037109375 0.0634765625
0 0.662109375 0.2705078125 0.037109375 0.0625
0 0.658203125 0.419921875 0.046875 0.0849609375
0 0.642578125 0.337890625 0.041015625 0.072265625
0 0.3515625 0.3603515625 0.04296875 0.076171875
0 0.767578125 0.263671875 0.0361328125 0.0654296875
0 0.6943359375 0.318359375 0.0390625 0.0693359375
0 0.8046875 0.314453125 0.041015625 0.068359375
0 0.7841796875 0.37109375 0.044921875 0.076171875
0 0.4140625 0.330078125 0.041015625 0.072265625