0 0.396484375 0.7529296875 0.1484375 0.21875
0 0.26171875 0.5458984375 0.095703125 0.142578125
0 0.390625 0.6044921875 0.11328125 0.15625
0 0.5498046875 0.7099609375 0.146484375 0.21875
0 0.435546875 0.490234375 0.087890625 0.1015625
0 0.3251953125 0.5986328125 0.103515625 0.162109375
0 0.275390625 0.4658203125 0.060546875 0.06640625
0 0.5361328125 0.517578125 0.103515625 0.15234375
0 0.4130859375 0.4130859375 0.0703125 0.09765625
0 0.4404296875 0.5498046875 0.10546875 0.15625
0 0.4775390625 0.4697265625 0.08203125 0.126953125
0 0.314453125 0.4931640625 0.080078125 0.103515625
0 0.64453125 0.6123046875 0.125 0.1640625