0 0.5107421875 0.525390625 0.052734375 0.0947265625
0 0.3935546875 0.4970703125 0.05078125 0.0888671875
0 0.291015625 0.52734375 0.052734375 0.091796875
0 0.54296875 0.3564453125 0.0419921875 0.0732421875
0 0.72265625 0.423828125 0.0498046875 0.0849609375
0 0.61328125 0.318359375 0.041015625 0.0693359375
0 0.576171875 0.4072265625 0.0458984375 0.080078125
0 0.7578125 0.345703125 0.044921875 0.0751953125
0 0.6376953125 0.373046875 0.0419921875 0.0732421875
0 0.728515625 0.2880859375 0.0390625 0.068359375
0 0.5732421875 0.51171875 0.048828125 0.087890625
0 0.51953125 0.40234375 0.044921875 0.078125
0 0.3369140625 0.44140625 0.04296875 0.0751953125
0 0.6953125 0.3173828125 0.041015625 0.0712890625