0 0.1201171875 0.810546875 0.171875 0.25
0 0.2998046875 0.783203125 0.15625 0.232421875
0 0.2333984375 0.57421875 0.11328125 0.166015625
0 0.2490234375 0.4091796875 0.078125 0.111328125
0 0.2978515625 0.486328125 0.08984375 0.13671875
0 0.34375 0.5537109375 0.109375 0.16015625
0 0.080078125 0.439453125 0.0703125 0.078125
0 0.091796875 0.607421875 0.119140625 0.18359375
0 0.42578125 0.693359375 0.130859375 0.185546875
0 0.048828125 0.529296875 0.09765625 0.1640625
0 0.5859375 0.3681640625 0.046875 0.064453125
0 0.5634765625 0.5576171875 0.0390625 0.056640625