0 0.50390625 0.3466796875 0.05078125 0.078125
0 0.533203125 0.3798828125 0.0546875 0.076171875
0 0.4638671875 0.443359375 0.06640625 0.099609375
0 0.21875 0.373046875 0.05859375 0.091796875
0 0.294921875 0.357421875 0.05859375 0.0859375
0 0.572265625 0.3369140625 0.048828125 0.0703125
0 0.6826171875 0.341796875 0.044921875 0.068359375
0 0.5927734375 0.375 0.052734375 0.078125
0 0.5234375 0.4462890625 0.0625 0.095703125
0 0.70703125 0.3828125 0.052734375 0.076171875
0 0.6708984375 0.419921875 0.060546875 0.087890625
0 0.3466796875 0.4052734375 0.0625 0.091796875
0 0.6484375 0.353515625 0.048828125 0.07421875