0 0.3701171875 0.787109375 0.13671875 0.19921875
0 0.2841796875 0.484375 0.123046875 0.17578125
0 0.2265625 0.787109375 0.142578125 0.20703125
0 0.2333984375 0.4052734375 0.119140625 0.171875
0 0.4921875 0.6728515625 0.12109375 0.181640625
0 0.35546875 0.373046875 0.10546875 0.154296875
0 0.43359375 0.208984375 0.091796875 0.13671875
0 0.45703125 0.3671875 0.1015625 0.150390625
0 0.1962890625 0.2255859375 0.111328125 0.158203125
0 0.2626953125 0.171875 0.099609375 0.146484375
0 0.4013671875 0.0400390625 0.080078125 0.080078125