0 0.255859375 0.2177734375 0.052734375 0.091796875
0 0.3955078125 0.06640625 0.04296875 0.076171875
0 0.3818359375 0.232421875 0.052734375 0.0947265625
0 0.1513671875 0.2587890625 0.0546875 0.0927734375
0 0.189453125 0.16796875 0.0498046875 0.0859375
0 0.4921875 0.07421875 0.0439453125 0.0791015625
0 0.44140625 0.212890625 0.05078125 0.0927734375
0 0.578125 0.1162109375 0.046875 0.087890625
0 0.4345703125 0.111328125 0.046875 0.0849609375
0 0.607421875 0.0380859375 0.0419921875 0.076171875
0 0.54296875 0.0263671875 0.0400390625 0.052734375
0 0.462890625 0.029296875 0.0390625 0.05859375
0 0.57421875 0.0107421875 0.03125 0.0205078125