0 0.4267578125 0.8330078125 0.1484375 0.21875
0 0.4287109375 0.494140625 0.12890625 0.1875
0 0.4814453125 0.3583984375 0.1171875 0.169921875
0 0.5322265625 0.16015625 0.09765625 0.140625
0 0.2900390625 0.248046875 0.11328125 0.1640625
0 0.5859375 0.322265625 0.107421875 0.16015625
0 0.3642578125 0.427734375 0.12109375 0.177734375
0 0.3125 0.107421875 0.095703125 0.14453125
0 0.6796875 0.6337890625 0.130859375 0.189453125
0 0.5771484375 0.7919921875 0.142578125 0.20703125
0 0.4609375 0.0185546875 0.0703125 0.037109375