0 0.49609375 0.4462890625 0.05859375 0.09765625
0 0.5771484375 0.326171875 0.052734375 0.0859375
0 0.548828125 0.267578125 0.048828125 0.078125
0 0.3798828125 0.4013671875 0.056640625 0.09375
0 0.5595703125 0.439453125 0.05859375 0.095703125
0 0.2529296875 0.3779296875 0.052734375 0.0859375
0 0.6259765625 0.232421875 0.04296875 0.072265625
0 0.3310546875 0.3369140625 0.048828125 0.080078125
0 0.74609375 0.212890625 0.044921875 0.07421875
0 0.6435546875 0.2958984375 0.048828125 0.080078125
0 0.5205078125 0.314453125 0.052734375 0.0859375
0 0.7216796875 0.361328125 0.0546875 0.08984375
0 0.76953125 0.28125 0.05078125 0.08203125
0 0.7080078125 0.2421875 0.046875 0.078125