0 0.609375 0.439453125 0.0546875 0.080078125
0 0.59765625 0.509765625 0.060546875 0.099609375
0 0.5791015625 0.408203125 0.044921875 0.076171875
0 0.28515625 0.4775390625 0.052734375 0.087890625
0 0.6533203125 0.3876953125 0.046875 0.076171875
0 0.80078125 0.4130859375 0.05078125 0.078125
0 0.7724609375 0.3759765625 0.046875 0.07421875
0 0.7373046875 0.3916015625 0.048828125 0.07421875
0 0.5341796875 0.513671875 0.05859375 0.095703125
0 0.4140625 0.4912109375 0.0546875 0.08984375
0 0.36328125 0.451171875 0.052734375 0.083984375
0 0.7587890625 0.4609375 0.056640625 0.087890625