0 0.671875 0.3974609375 0.04296875 0.076171875
0 0.5087890625 0.43359375 0.0478515625 0.08203125
0 0.630859375 0.349609375 0.037109375 0.0634765625
0 0.7255859375 0.3837890625 0.041015625 0.0732421875
0 0.443359375 0.3759765625 0.04296875 0.076171875
0 0.3818359375 0.400390625 0.044921875 0.0791015625
0 0.6923828125 0.3349609375 0.0361328125 0.0634765625
0 0.798828125 0.3349609375 0.0361328125 0.0634765625
0 0.4140625 0.4365234375 0.0478515625 0.0849609375
0 0.8134765625 0.443359375 0.0478515625 0.0791015625
0 0.8359375 0.3896484375 0.041015625 0.0712890625
0 0.6298828125 0.482421875 0.046875 0.0830078125
0 0.6875 0.4833984375 0.0458984375 0.0830078125