0 0.6240234375 0.4814453125 0.052734375 0.08984375
0 0.501953125 0.443359375 0.05078125 0.0859375
0 0.681640625 0.48046875 0.052734375 0.087890625
0 0.6201171875 0.3525390625 0.041015625 0.068359375
0 0.4072265625 0.451171875 0.052734375 0.087890625
0 0.6796875 0.3330078125 0.041015625 0.064453125
0 0.373046875 0.41796875 0.044921875 0.080078125
0 0.71484375 0.380859375 0.044921875 0.07421875
0 0.6630859375 0.3994140625 0.04296875 0.078125
0 0.826171875 0.3798828125 0.044921875 0.072265625
0 0.78515625 0.3271484375 0.0390625 0.064453125
0 0.43359375 0.388671875 0.046875 0.078125
0 0.8076171875 0.4345703125 0.05078125 0.080078125