0 0.4267578125 0.55078125 0.134765625 0.1875
0 0.6787109375 0.7626953125 0.150390625 0.2109375
0 0.55859375 0.8623046875 0.154296875 0.220703125
0 0.4208984375 0.4072265625 0.119140625 0.166015625
0 0.5009765625 0.3310546875 0.111328125 0.158203125
0 0.203125 0.3837890625 0.119140625 0.1640625
0 0.38671875 0.2060546875 0.099609375 0.140625
0 0.33984375 0.517578125 0.123046875 0.177734375
0 0.708984375 0.5810546875 0.1328125 0.1875
0 0.1669921875 0.24609375 0.1015625 0.146484375
0 0.2587890625 0.08203125 0.080078125 0.087890625