0 0.5859375 0.2568359375 0.05078125 0.07421875
0 0.6171875 0.3154296875 0.052734375 0.080078125
0 0.5537109375 0.41015625 0.0625 0.09375
0 0.673828125 0.2998046875 0.052734375 0.078125
0 0.6533203125 0.240234375 0.044921875 0.068359375
0 0.4404296875 0.349609375 0.05859375 0.087890625
0 0.7607421875 0.2431640625 0.046875 0.0703125
0 0.611328125 0.4150390625 0.05859375 0.091796875
0 0.3173828125 0.306640625 0.0546875 0.083984375
0 0.7294921875 0.2626953125 0.048828125 0.07421875
0 0.7861328125 0.3095703125 0.05078125 0.07421875
0 0.388671875 0.2783203125 0.056640625 0.08203125
0 0.3427734375 0.3505859375 0.05859375 0.087890625
0 0.75 0.375 0.056640625 0.0859375