0 0.576171875 0.5224609375 0.064453125 0.099609375
0 0.517578125 0.544921875 0.068359375 0.099609375
0 0.30078125 0.5830078125 0.06640625 0.09765625
0 0.3955078125 0.5361328125 0.064453125 0.095703125
0 0.51953125 0.3740234375 0.052734375 0.08203125
0 0.6904296875 0.27734375 0.052734375 0.076171875
0 0.7080078125 0.4130859375 0.0625 0.08984375
0 0.5830078125 0.32421875 0.048828125 0.072265625
0 0.33203125 0.4921875 0.0546875 0.08203125
0 0.5615234375 0.419921875 0.0546875 0.08203125
0 0.73046875 0.3291015625 0.056640625 0.08203125
0 0.615234375 0.3740234375 0.0546875 0.080078125
0 0.5048828125 0.4228515625 0.0546875 0.08203125
0 0.6630859375 0.3115234375 0.052734375 0.076171875