0 0.4345703125 0.755859375 0.109375 0.1875
0 0.41796875 0.4521484375 0.09375 0.16015625
0 0.5712890625 0.73046875 0.10546875 0.181640625
0 0.458984375 0.328125 0.0859375 0.146484375
0 0.2744140625 0.216796875 0.080078125 0.13671875
0 0.353515625 0.38671875 0.087890625 0.15234375
0 0.494140625 0.1484375 0.0703125 0.126953125
0 0.658203125 0.595703125 0.095703125 0.166015625
0 0.556640625 0.3017578125 0.078125 0.138671875
0 0.32421875 0.1494140625 0.076171875 0.1328125
0 0.4228515625 0.0126953125 0.052734375 0.025390625