0 0.5224609375 0.2294921875 0.048828125 0.072265625
0 0.4189453125 0.3515625 0.05859375 0.0859375
0 0.5986328125 0.349609375 0.060546875 0.08984375
0 0.5439453125 0.3642578125 0.064453125 0.095703125
0 0.3466796875 0.3134765625 0.056640625 0.08203125
0 0.2900390625 0.357421875 0.0546875 0.08203125
0 0.5712890625 0.267578125 0.0546875 0.08203125
0 0.7255859375 0.208984375 0.052734375 0.076171875
0 0.5791015625 0.1962890625 0.048828125 0.0703125
0 0.6806640625 0.1650390625 0.044921875 0.068359375
0 0.7138671875 0.26953125 0.05859375 0.0859375
0 0.6572265625 0.1904296875 0.048828125 0.072265625
0 0.6181640625 0.2373046875 0.052734375 0.078125
0 0.328125 0.3857421875 0.05859375 0.087890625