0 0.59375 0.4169921875 0.056640625 0.080078125
0 0.515625 0.482421875 0.068359375 0.1015625
0 0.400390625 0.4443359375 0.064453125 0.09375
0 0.2734375 0.416015625 0.05859375 0.08984375
0 0.658203125 0.41015625 0.056640625 0.08203125
0 0.568359375 0.3828125 0.048828125 0.076171875
0 0.3525390625 0.3994140625 0.05859375 0.0859375
0 0.5791015625 0.4833984375 0.06640625 0.099609375
0 0.78125 0.4140625 0.0546875 0.078125
0 0.7578125 0.373046875 0.05078125 0.07421875
0 0.7216796875 0.3857421875 0.052734375 0.078125
0 0.73828125 0.4560546875 0.060546875 0.087890625