0 0.4765625 0.203125 0.041015625 0.0712890625
0 0.47265625 0.3427734375 0.048828125 0.0888671875
0 0.5166015625 0.24609375 0.0419921875 0.0751953125
0 0.3505859375 0.3212890625 0.0478515625 0.0830078125
0 0.251953125 0.345703125 0.0498046875 0.0859375
0 0.615234375 0.173828125 0.0390625 0.068359375
0 0.5693359375 0.21875 0.041015625 0.0712890625
0 0.5390625 0.171875 0.037109375 0.0654296875
0 0.21875 0.3115234375 0.0458984375 0.08203125
0 0.529296875 0.3330078125 0.0478515625 0.0849609375
0 0.642578125 0.1513671875 0.0361328125 0.0634765625
0 0.677734375 0.2001953125 0.0390625 0.0693359375
0 0.2841796875 0.2724609375 0.04296875 0.0751953125
0 0.65625 0.263671875 0.04296875 0.076171875