0 0.2490234375 0.5517578125 0.052734375 0.08984375
0 0.50390625 0.3671875 0.04296875 0.0732421875
0 0.353515625 0.521484375 0.0498046875 0.087890625
0 0.5361328125 0.4287109375 0.044921875 0.080078125
0 0.5322265625 0.5517578125 0.0498046875 0.091796875
0 0.4814453125 0.419921875 0.044921875 0.078125
0 0.59765625 0.392578125 0.04296875 0.076171875
0 0.296875 0.453125 0.046875 0.0791015625
0 0.57421875 0.326171875 0.0390625 0.06640625
0 0.6884765625 0.298828125 0.041015625 0.0693359375
0 0.6796875 0.4580078125 0.046875 0.0830078125
0 0.716796875 0.37109375 0.0439453125 0.0751953125
0 0.65625 0.33203125 0.0400390625 0.072265625
0 0.470703125 0.560546875 0.052734375 0.0927734375