0 0.47265625 0.4765625 0.048828125 0.0888671875
0 0.25390625 0.4677734375 0.0517578125 0.0859375
0 0.53125 0.34765625 0.04296875 0.076171875
0 0.58984375 0.3115234375 0.04296875 0.076171875
0 0.564453125 0.248046875 0.0390625 0.068359375
0 0.49609375 0.287109375 0.0400390625 0.0693359375
0 0.35546875 0.439453125 0.0458984375 0.08203125
0 0.533203125 0.4658203125 0.048828125 0.087890625
0 0.294921875 0.3720703125 0.044921875 0.078125
0 0.6748046875 0.220703125 0.037109375 0.06640625
0 0.4765625 0.3388671875 0.04296875 0.078125
0 0.705078125 0.291015625 0.041015625 0.0712890625
0 0.6435546875 0.25390625 0.041015625 0.0712890625
0 0.6728515625 0.376953125 0.044921875 0.0791015625