0 0.5048828125 0.474609375 0.0625 0.1015625
0 0.568359375 0.392578125 0.0546875 0.08203125
0 0.5341796875 0.3642578125 0.046875 0.078125
0 0.3828125 0.46484375 0.05859375 0.09375
0 0.279296875 0.4931640625 0.0625 0.095703125
0 0.630859375 0.369140625 0.052734375 0.080078125
0 0.56640625 0.462890625 0.060546875 0.099609375
0 0.3251953125 0.431640625 0.052734375 0.08203125
0 0.685546875 0.330078125 0.048828125 0.078125
0 0.7529296875 0.3447265625 0.052734375 0.080078125
0 0.7197265625 0.30859375 0.044921875 0.072265625
0 0.71875 0.396484375 0.056640625 0.08984375