0 0.5859375 0.2275390625 0.05859375 0.076171875
0 0.544921875 0.21875 0.052734375 0.080078125
0 0.6064453125 0.171875 0.052734375 0.07421875
0 0.640625 0.1923828125 0.060546875 0.083984375
0 0.7138671875 0.1142578125 0.052734375 0.076171875
0 0.6044921875 0.2939453125 0.06640625 0.09765625
0 0.4248046875 0.349609375 0.06640625 0.095703125
0 0.5458984375 0.3212890625 0.068359375 0.09765625
0 0.361328125 0.337890625 0.060546875 0.087890625
0 0.30078125 0.3916015625 0.05859375 0.087890625
0 0.6865234375 0.1416015625 0.0546875 0.080078125
0 0.7548828125 0.134765625 0.060546875 0.083984375
0 0.734375 0.1884765625 0.064453125 0.09375