0 0.5693359375 0.2373046875 0.0380859375 0.06640625
0 0.4462890625 0.33984375 0.044921875 0.080078125
0 0.623046875 0.369140625 0.046875 0.0830078125
0 0.56640625 0.3740234375 0.048828125 0.0888671875
0 0.380859375 0.2900390625 0.0439453125 0.076171875
0 0.318359375 0.3232421875 0.0419921875 0.0751953125
0 0.6103515625 0.283203125 0.0419921875 0.0751953125
0 0.7724609375 0.2529296875 0.041015625 0.0693359375
0 0.630859375 0.21484375 0.037109375 0.0654296875
0 0.736328125 0.201171875 0.03515625 0.0625
0 0.7509765625 0.310546875 0.044921875 0.0791015625
0 0.708984375 0.22265625 0.0380859375 0.06640625
0 0.662109375 0.26171875 0.0400390625 0.0712890625
0 0.3505859375 0.357421875 0.044921875 0.08203125