0 0.3271484375 0.4765625 0.068359375 0.09765625
0 0.60546875 0.3623046875 0.056640625 0.080078125
0 0.5419921875 0.51953125 0.068359375 0.09765625
0 0.4306640625 0.4697265625 0.06640625 0.095703125
0 0.6279296875 0.41796875 0.060546875 0.0859375
0 0.6044921875 0.5224609375 0.068359375 0.099609375
0 0.6826171875 0.3388671875 0.052734375 0.07421875
0 0.6953125 0.3994140625 0.05859375 0.08203125
0 0.388671875 0.40234375 0.0625 0.087890625
0 0.8017578125 0.3359375 0.052734375 0.07421875
0 0.8193359375 0.3994140625 0.05859375 0.08203125
0 0.767578125 0.466796875 0.064453125 0.091796875
0 0.57421875 0.404296875 0.056640625 0.083984375
0 0.7626953125 0.3583984375 0.0546875 0.078125