0 0.52734375 0.5732421875 0.048828125 0.087890625
0 0.53125 0.400390625 0.0380859375 0.06640625
0 0.408203125 0.5400390625 0.0458984375 0.080078125
0 0.7099609375 0.4794921875 0.044921875 0.0791015625
0 0.3447265625 0.4794921875 0.0439453125 0.076171875
0 0.697265625 0.337890625 0.037109375 0.0625
0 0.2822265625 0.5283203125 0.04296875 0.076171875
0 0.669921875 0.3681640625 0.0380859375 0.06640625
0 0.5712890625 0.455078125 0.0400390625 0.072265625
0 0.732421875 0.4013671875 0.041015625 0.0693359375
0 0.623046875 0.421875 0.0390625 0.0712890625
0 0.59375 0.36328125 0.037109375 0.0625
0 0.3134765625 0.568359375 0.048828125 0.0830078125
0 0.583984375 0.5625 0.044921875 0.080078125