0 0.408203125 0.453125 0.056640625 0.095703125
0 0.4296875 0.349609375 0.041015625 0.07421875
0 0.1796875 0.4599609375 0.056640625 0.091796875
0 0.28515625 0.4384765625 0.0546875 0.091796875
0 0.494140625 0.326171875 0.041015625 0.0703125
0 0.2236328125 0.4052734375 0.048828125 0.080078125
0 0.521484375 0.359375 0.044921875 0.07421875
0 0.4697265625 0.443359375 0.052734375 0.091796875
0 0.4638671875 0.376953125 0.046875 0.068359375
0 0.6025390625 0.3076171875 0.041015625 0.06640625
0 0.6083984375 0.38671875 0.05078125 0.083984375
0 0.634765625 0.34375 0.044921875 0.07421875
0 0.572265625 0.3271484375 0.041015625 0.0703125