0 0.705078125 0.3828125 0.046875 0.080078125
0 0.6279296875 0.5234375 0.0546875 0.09375
0 0.4482421875 0.494140625 0.052734375 0.08984375
0 0.3447265625 0.5166015625 0.052734375 0.091796875
0 0.6103515625 0.359375 0.044921875 0.076171875
0 0.7890625 0.443359375 0.052734375 0.08984375
0 0.8330078125 0.3642578125 0.048828125 0.080078125
0 0.685546875 0.32421875 0.041015625 0.0703125
0 0.76953125 0.330078125 0.044921875 0.07421875
0 0.6396484375 0.4150390625 0.046875 0.08203125
0 0.5634765625 0.5322265625 0.052734375 0.091796875
0 0.3974609375 0.4326171875 0.048828125 0.08203125
0 0.806640625 0.2998046875 0.044921875 0.0703125
0 0.5830078125 0.40625 0.044921875 0.078125