0 0.4775390625 0.37109375 0.048828125 0.083984375
0 0.595703125 0.4130859375 0.052734375 0.087890625
0 0.6015625 0.279296875 0.041015625 0.068359375
0 0.6533203125 0.412109375 0.05078125 0.0859375
0 0.6630859375 0.2626953125 0.037109375 0.064453125
0 0.349609375 0.3447265625 0.044921875 0.080078125
0 0.640625 0.328125 0.04296875 0.07421875
0 0.7685546875 0.255859375 0.0390625 0.064453125
0 0.380859375 0.3798828125 0.048828125 0.083984375
0 0.6953125 0.310546875 0.04296875 0.072265625
0 0.8046875 0.310546875 0.04296875 0.0703125
0 0.4140625 0.31640625 0.04296875 0.07421875
0 0.7802734375 0.3662109375 0.046875 0.078125