0 0.671875 0.8486328125 0.13671875 0.205078125
0 0.423828125 0.26953125 0.091796875 0.134765625
0 0.44140625 0.46875 0.111328125 0.1640625
0 0.228515625 0.423828125 0.107421875 0.16015625
0 0.5263671875 0.4052734375 0.099609375 0.15234375
0 0.4384765625 0.6162109375 0.119140625 0.17578125
0 0.71484375 0.669921875 0.12109375 0.181640625
0 0.2041015625 0.2880859375 0.08984375 0.13671875
0 0.35546875 0.572265625 0.11328125 0.169921875
0 0.5419921875 0.9130859375 0.134765625 0.173828125
0 0.3017578125 0.111328125 0.08203125 0.126953125