0 0.728515625 0.41015625 0.0546875 0.087890625
0 0.4130859375 0.51171875 0.056640625 0.091796875
0 0.6083984375 0.3173828125 0.04296875 0.068359375
0 0.5830078125 0.4072265625 0.05078125 0.0859375
0 0.591796875 0.5087890625 0.056640625 0.09375
0 0.314453125 0.5498046875 0.056640625 0.091796875
0 0.544921875 0.361328125 0.044921875 0.072265625
0 0.6904296875 0.3095703125 0.044921875 0.07421875
0 0.7197265625 0.2783203125 0.04296875 0.068359375
0 0.3505859375 0.4638671875 0.052734375 0.08203125
0 0.7568359375 0.33203125 0.046875 0.076171875
0 0.6396484375 0.369140625 0.046875 0.078125
0 0.533203125 0.5263671875 0.05859375 0.095703125