0 0.607421875 0.4931640625 0.0703125 0.1015625
0 0.6416015625 0.3759765625 0.052734375 0.076171875
0 0.6748046875 0.416015625 0.0625 0.087890625
0 0.48828125 0.4609375 0.06640625 0.095703125
0 0.7373046875 0.3984375 0.056640625 0.080078125
0 0.669921875 0.4912109375 0.0703125 0.099609375
0 0.830078125 0.34765625 0.0546875 0.076171875
0 0.3837890625 0.47265625 0.0703125 0.099609375
0 0.7138671875 0.3564453125 0.05078125 0.072265625
0 0.7958984375 0.3662109375 0.0546875 0.076171875
0 0.859375 0.39453125 0.05859375 0.080078125
0 0.822265625 0.4453125 0.064453125 0.087890625
0 0.4326171875 0.4140625 0.060546875 0.0859375