0 0.5478515625 0.5205078125 0.0537109375 0.09765625
0 0.6865234375 0.431640625 0.044921875 0.076171875
0 0.61328125 0.5166015625 0.052734375 0.0947265625
0 0.62109375 0.447265625 0.044921875 0.0751953125
0 0.58984375 0.4150390625 0.0390625 0.0732421875
0 0.427734375 0.494140625 0.05078125 0.091796875
0 0.2998046875 0.48046875 0.044921875 0.080078125
0 0.771484375 0.4697265625 0.0517578125 0.087890625
0 0.783203125 0.3828125 0.0419921875 0.0732421875
0 0.8125 0.4228515625 0.044921875 0.076171875
0 0.3759765625 0.455078125 0.044921875 0.078125
0 0.74609375 0.3994140625 0.04296875 0.076171875