0 0.4306640625 0.822265625 0.115234375 0.197265625
0 0.3994140625 0.4931640625 0.1015625 0.16796875
0 0.5322265625 0.3212890625 0.08203125 0.142578125
0 0.4375 0.359375 0.08984375 0.1484375
0 0.46484375 0.162109375 0.076171875 0.12890625
0 0.2421875 0.251953125 0.08984375 0.1484375
0 0.330078125 0.4287109375 0.095703125 0.1640625
0 0.650390625 0.6259765625 0.09765625 0.166015625
0 0.568359375 0.7802734375 0.109375 0.1875
0 0.248046875 0.111328125 0.076171875 0.134765625
0 0.3828125 0.0146484375 0.05859375 0.029296875