0 0.427734375 0.806640625 0.103515625 0.18359375
0 0.28515625 0.525390625 0.09375 0.16015625
0 0.2861328125 0.833984375 0.107421875 0.1904296875
0 0.220703125 0.4580078125 0.08984375 0.1572265625
0 0.525390625 0.6708984375 0.091796875 0.1669921875
0 0.333984375 0.4033203125 0.080078125 0.140625
0 0.37890625 0.2275390625 0.068359375 0.125
0 0.4326171875 0.3779296875 0.076171875 0.138671875
0 0.1494140625 0.2890625 0.0859375 0.14453125
0 0.2041015625 0.2236328125 0.076171875 0.1337890625
0 0.3134765625 0.0517578125 0.060546875 0.103515625