0 0.470703125 0.5224609375 0.06640625 0.099609375
0 0.34765625 0.50390625 0.0625 0.09375
0 0.529296875 0.5 0.064453125 0.09765625
0 0.25 0.552734375 0.06640625 0.099609375
0 0.4716796875 0.3232421875 0.052734375 0.078125
0 0.53515625 0.2685546875 0.048828125 0.07421875
0 0.6611328125 0.380859375 0.060546875 0.091796875
0 0.6435546875 0.21875 0.048828125 0.07421875
0 0.45703125 0.37890625 0.056640625 0.0859375
0 0.568359375 0.330078125 0.0546875 0.08203125
0 0.2802734375 0.447265625 0.05859375 0.087890625
0 0.68359375 0.28515625 0.0546875 0.08203125
0 0.5146484375 0.376953125 0.0546875 0.08203125
0 0.6162109375 0.259765625 0.05078125 0.076171875