0 0.5517578125 0.515625 0.0517578125 0.0927734375
0 0.61328125 0.50390625 0.05078125 0.091796875
0 0.615234375 0.400390625 0.044921875 0.0791015625
0 0.43359375 0.486328125 0.048828125 0.0859375
0 0.3330078125 0.515625 0.0517578125 0.0888671875
0 0.5810546875 0.349609375 0.0400390625 0.072265625
0 0.67578125 0.3662109375 0.0439453125 0.076171875
0 0.65234375 0.3125 0.0380859375 0.06640625
0 0.767578125 0.2841796875 0.0390625 0.068359375
0 0.7333984375 0.3134765625 0.041015625 0.0712890625
0 0.798828125 0.341796875 0.0439453125 0.072265625
0 0.55859375 0.3955078125 0.0419921875 0.0751953125
0 0.76171875 0.419921875 0.0478515625 0.08203125
0 0.3779296875 0.431640625 0.04296875 0.0751953125