0 0.353515625 0.75 0.1015625 0.1806640625
0 0.4912109375 0.7421875 0.0986328125 0.1767578125
0 0.3701171875 0.4697265625 0.087890625 0.15234375
0 0.42578125 0.359375 0.0791015625 0.138671875
0 0.5234375 0.3408203125 0.07421875 0.134765625
0 0.2578125 0.2412109375 0.076171875 0.130859375
0 0.3134765625 0.400390625 0.0830078125 0.1484375
0 0.478515625 0.1982421875 0.06640625 0.12109375
0 0.314453125 0.1845703125 0.068359375 0.1279296875
0 0.595703125 0.6259765625 0.08984375 0.158203125
0 0.4296875 0.0400390625 0.05859375 0.080078125