0 0.6728515625 0.298828125 0.044921875 0.068359375
0 0.634765625 0.2783203125 0.0380859375 0.0712890625
0 0.615234375 0.3759765625 0.052734375 0.0927734375
0 0.677734375 0.3642578125 0.0517578125 0.0927734375
0 0.787109375 0.248046875 0.041015625 0.0712890625
0 0.703125 0.25390625 0.0400390625 0.0712890625
0 0.4912109375 0.3662109375 0.048828125 0.0859375
0 0.732421875 0.283203125 0.0439453125 0.0751953125
0 0.8203125 0.2294921875 0.0380859375 0.068359375
0 0.3603515625 0.369140625 0.0419921875 0.080078125
0 0.857421875 0.2607421875 0.044921875 0.0751953125
0 0.4296875 0.337890625 0.04296875 0.076171875
0 0.8271484375 0.306640625 0.048828125 0.0830078125