0 0.5810546875 0.396484375 0.048828125 0.087890625
0 0.58203125 0.2607421875 0.0400390625 0.0693359375
0 0.67578125 0.28515625 0.041015625 0.072265625
0 0.64453125 0.2373046875 0.037109375 0.0634765625
0 0.365234375 0.3740234375 0.048828125 0.0849609375
0 0.75 0.2255859375 0.0361328125 0.0625
0 0.787109375 0.27734375 0.0400390625 0.0693359375
0 0.33203125 0.33984375 0.041015625 0.076171875
0 0.623046875 0.306640625 0.041015625 0.0732421875
0 0.72265625 0.2470703125 0.037109375 0.06640625
0 0.6376953125 0.3916015625 0.046875 0.0830078125
0 0.7646484375 0.3369140625 0.044921875 0.0791015625
0 0.4609375 0.3603515625 0.0439453125 0.0791015625
0 0.3955078125 0.306640625 0.044921875 0.076171875