0 0.7294921875 0.275390625 0.0380859375 0.0654296875
0 0.599609375 0.4267578125 0.0498046875 0.0888671875
0 0.5390625 0.439453125 0.0517578125 0.08984375
0 0.591796875 0.359375 0.0419921875 0.0712890625
0 0.5537109375 0.3349609375 0.0380859375 0.0693359375
0 0.619140625 0.3037109375 0.037109375 0.06640625
0 0.765625 0.30859375 0.04296875 0.072265625
0 0.6484375 0.3349609375 0.0419921875 0.0732421875
0 0.4150390625 0.4365234375 0.048828125 0.0859375
0 0.314453125 0.4658203125 0.0498046875 0.087890625
0 0.69921875 0.296875 0.0390625 0.068359375
0 0.353515625 0.4072265625 0.044921875 0.0751953125
0 0.7392578125 0.3583984375 0.0478515625 0.080078125