0 0.5830078125 0.537109375 0.052734375 0.0927734375
0 0.646484375 0.5302734375 0.0517578125 0.0927734375
0 0.65625 0.4189453125 0.0458984375 0.08203125
0 0.341796875 0.48046875 0.048828125 0.0830078125
0 0.4658203125 0.4990234375 0.05078125 0.087890625
0 0.6259765625 0.3642578125 0.041015625 0.072265625
0 0.72265625 0.3876953125 0.044921875 0.078125
0 0.787109375 0.3330078125 0.0439453125 0.0751953125
0 0.7021484375 0.328125 0.041015625 0.0693359375
0 0.8525390625 0.3681640625 0.0478515625 0.080078125
0 0.4140625 0.4365234375 0.044921875 0.0791015625
0 0.82421875 0.302734375 0.041015625 0.0693359375
0 0.6005859375 0.4111328125 0.04296875 0.078125
0 0.80859375 0.4501953125 0.048828125 0.0859375