0 0.6240234375 0.3291015625 0.05859375 0.080078125
0 0.6123046875 0.4267578125 0.0703125 0.095703125
0 0.6669921875 0.4365234375 0.068359375 0.095703125
0 0.673828125 0.353515625 0.05859375 0.08203125
0 0.3857421875 0.306640625 0.064453125 0.087890625
0 0.7109375 0.29296875 0.052734375 0.0703125
0 0.4091796875 0.3505859375 0.0703125 0.09765625
0 0.50390625 0.3603515625 0.0625 0.087890625
0 0.7314453125 0.3466796875 0.056640625 0.080078125
0 0.7841796875 0.322265625 0.056640625 0.076171875
0 0.837890625 0.369140625 0.056640625 0.078125
0 0.802734375 0.41796875 0.064453125 0.087890625
0 0.4541015625 0.2939453125 0.05859375 0.083984375