0 0.4072265625 0.1923828125 0.056640625 0.091796875
0 0.466796875 0.185546875 0.052734375 0.091796875
0 0.283203125 0.1640625 0.0546875 0.08984375
0 0.1767578125 0.189453125 0.056640625 0.091796875
0 0.4248046875 0.0390625 0.044921875 0.076171875
0 0.5205078125 0.05859375 0.046875 0.078125
0 0.216796875 0.1083984375 0.05078125 0.083984375
0 0.634765625 0.04296875 0.044921875 0.07421875
0 0.6044921875 0.111328125 0.048828125 0.083984375
0 0.4619140625 0.087890625 0.046875 0.083984375
0 0.5712890625 0.0244140625 0.0390625 0.046875
0 0.4921875 0.021484375 0.0390625 0.04296875
0 0.603515625 0.01171875 0.029296875 0.01953125