0 0.5458984375 0.5419921875 0.048828125 0.0859375
0 0.58984375 0.4208984375 0.041015625 0.0751953125
0 0.33203125 0.5419921875 0.048828125 0.0859375
0 0.5498046875 0.3662109375 0.037109375 0.06640625
0 0.4267578125 0.5107421875 0.046875 0.0830078125
0 0.6025390625 0.53125 0.0478515625 0.0849609375
0 0.611328125 0.328125 0.0361328125 0.0654296875
0 0.7529296875 0.3642578125 0.041015625 0.0693359375
0 0.2998046875 0.5009765625 0.044921875 0.078125
0 0.642578125 0.38671875 0.0400390625 0.0712890625
0 0.689453125 0.3310546875 0.0400390625 0.068359375
0 0.716796875 0.30078125 0.037109375 0.0625
0 0.7294921875 0.443359375 0.044921875 0.076171875
0 0.36328125 0.453125 0.041015625 0.0751953125