0 0.447265625 0.5244140625 0.052734375 0.0927734375
0 0.578125 0.35546875 0.044921875 0.078125
0 0.2236328125 0.525390625 0.0546875 0.0927734375
0 0.515625 0.392578125 0.0458984375 0.080078125
0 0.556640625 0.294921875 0.041015625 0.0693359375
0 0.328125 0.4921875 0.052734375 0.08984375
0 0.6376953125 0.2958984375 0.0419921875 0.072265625
0 0.4599609375 0.38671875 0.044921875 0.0791015625
0 0.69921875 0.328125 0.044921875 0.076171875
0 0.6611328125 0.416015625 0.048828125 0.0849609375
0 0.2734375 0.4296875 0.048828125 0.0791015625
0 0.484375 0.337890625 0.041015625 0.0712890625
0 0.671875 0.2626953125 0.041015625 0.06640625
0 0.509765625 0.51171875 0.0517578125 0.0927734375