0 0.61328125 0.3525390625 0.048828125 0.0859375
0 0.435546875 0.326171875 0.046875 0.0830078125
0 0.62109375 0.1943359375 0.0361328125 0.0634765625
0 0.556640625 0.357421875 0.048828125 0.0859375
0 0.5595703125 0.220703125 0.037109375 0.06640625
0 0.7265625 0.1787109375 0.037109375 0.0654296875
0 0.33984375 0.3447265625 0.048828125 0.0859375
0 0.599609375 0.265625 0.0400390625 0.0732421875
0 0.3701171875 0.2763671875 0.0439453125 0.078125
0 0.763671875 0.23046875 0.041015625 0.0693359375
0 0.6533203125 0.2412109375 0.0390625 0.0693359375
0 0.306640625 0.3115234375 0.0419921875 0.078125
0 0.69921875 0.2021484375 0.037109375 0.0654296875
0 0.740234375 0.291015625 0.044921875 0.076171875