0 0.552734375 0.5107421875 0.060546875 0.09765625
0 0.61328125 0.494140625 0.05859375 0.095703125
0 0.6064453125 0.390625 0.05078125 0.08203125
0 0.4326171875 0.4921875 0.056640625 0.08984375
0 0.3349609375 0.5302734375 0.05859375 0.09375
0 0.5673828125 0.3427734375 0.046875 0.076171875
0 0.6630859375 0.3515625 0.05078125 0.080078125
0 0.6357421875 0.2998046875 0.04296875 0.0703125
0 0.748046875 0.26171875 0.044921875 0.072265625
0 0.7158203125 0.2939453125 0.046875 0.07421875
0 0.7841796875 0.31640625 0.05078125 0.076171875
0 0.548828125 0.390625 0.048828125 0.078125
0 0.75390625 0.3974609375 0.0546875 0.0859375
0 0.3720703125 0.4423828125 0.048828125 0.078125