0 0.615234375 0.87109375 0.107421875 0.19140625
0 0.4609375 0.2607421875 0.072265625 0.125
0 0.447265625 0.4599609375 0.087890625 0.1513671875
0 0.244140625 0.3828125 0.0859375 0.1484375
0 0.541015625 0.41015625 0.0791015625 0.142578125
0 0.4208984375 0.60546875 0.09375 0.1640625
0 0.685546875 0.701171875 0.095703125 0.16796875
0 0.2412109375 0.244140625 0.0712890625 0.1279296875
0 0.345703125 0.548828125 0.0888671875 0.158203125
0 0.4765625 0.9169921875 0.111328125 0.162109375
0 0.365234375 0.0849609375 0.064453125 0.1181640625