0 0.5146484375 0.501953125 0.052734375 0.0927734375
0 0.5791015625 0.3818359375 0.044921875 0.080078125
0 0.396484375 0.4765625 0.05078125 0.0888671875
0 0.7265625 0.3994140625 0.048828125 0.0849609375
0 0.6416015625 0.34765625 0.0439453125 0.0751953125
0 0.546875 0.3310546875 0.0419921875 0.0732421875
0 0.26953125 0.4697265625 0.0478515625 0.0830078125
0 0.3408203125 0.419921875 0.044921875 0.0791015625
0 0.5771484375 0.48828125 0.05078125 0.08984375
0 0.6171875 0.2919921875 0.0390625 0.068359375
0 0.732421875 0.259765625 0.0400390625 0.0693359375
0 0.69921875 0.291015625 0.041015625 0.0732421875
0 0.7626953125 0.3203125 0.04296875 0.0732421875
0 0.5234375 0.3798828125 0.0419921875 0.076171875