0 0.59765625 0.8046875 0.119140625 0.197265625
0 0.412109375 0.53125 0.10546875 0.173828125
0 0.4453125 0.3896484375 0.09375 0.15625
0 0.3369140625 0.4736328125 0.1015625 0.169921875
0 0.4560546875 0.8681640625 0.12109375 0.20703125
0 0.4677734375 0.1875 0.078125 0.12890625
0 0.2412109375 0.3076171875 0.09375 0.15234375
0 0.6767578125 0.6357421875 0.103515625 0.173828125
0 0.54296875 0.33984375 0.087890625 0.150390625
0 0.2451171875 0.1650390625 0.080078125 0.13671875
0 0.3759765625 0.03515625 0.068359375 0.0703125