0 0.54296875 0.5048828125 0.056640625 0.095703125
0 0.607421875 0.4990234375 0.056640625 0.095703125
0 0.4228515625 0.486328125 0.0546875 0.08984375
0 0.6142578125 0.427734375 0.05078125 0.080078125
0 0.58203125 0.3974609375 0.041015625 0.07421875
0 0.369140625 0.447265625 0.046875 0.080078125
0 0.6787109375 0.4111328125 0.046875 0.080078125
0 0.2939453125 0.4775390625 0.044921875 0.08203125
0 0.7744140625 0.3564453125 0.041015625 0.0703125
0 0.8046875 0.39453125 0.046875 0.080078125
0 0.7392578125 0.3759765625 0.044921875 0.07421875
0 0.765625 0.4443359375 0.052734375 0.087890625