0 0.40625 0.4609375 0.064453125 0.099609375
0 0.4560546875 0.3779296875 0.0546875 0.07421875
0 0.587890625 0.296875 0.046875 0.0703125
0 0.181640625 0.4892578125 0.064453125 0.095703125
0 0.4677734375 0.4443359375 0.0625 0.095703125
0 0.3994140625 0.3828125 0.0546875 0.08203125
0 0.4814453125 0.326171875 0.046875 0.0703125
0 0.21875 0.427734375 0.056640625 0.083984375
0 0.51171875 0.35546875 0.05078125 0.078125
0 0.6240234375 0.330078125 0.05078125 0.078125
0 0.2841796875 0.4580078125 0.05859375 0.08984375
0 0.5595703125 0.318359375 0.046875 0.072265625
0 0.6005859375 0.3779296875 0.0546875 0.083984375