0 0.5048828125 0.4775390625 0.072265625 0.10546875
0 0.560546875 0.390625 0.060546875 0.083984375
0 0.6201171875 0.359375 0.05859375 0.0859375
0 0.56640625 0.4599609375 0.072265625 0.10546875
0 0.5234375 0.3642578125 0.052734375 0.078125
0 0.251953125 0.494140625 0.0625 0.091796875
0 0.3818359375 0.4794921875 0.06640625 0.09765625
0 0.703125 0.291015625 0.0546875 0.078125
0 0.3232421875 0.4521484375 0.05859375 0.083984375
0 0.7392578125 0.32421875 0.060546875 0.0859375
0 0.7109375 0.3779296875 0.064453125 0.091796875
0 0.671875 0.3154296875 0.0546875 0.080078125