0 0.2578125 0.54296875 0.05859375 0.08984375
0 0.4716796875 0.5751953125 0.056640625 0.08984375
0 0.525390625 0.4658203125 0.048828125 0.080078125
0 0.35546875 0.52734375 0.0546875 0.0859375
0 0.4912109375 0.4072265625 0.04296875 0.0703125
0 0.2275390625 0.5 0.052734375 0.080078125
0 0.5283203125 0.5712890625 0.0546875 0.087890625
0 0.5537109375 0.37890625 0.04296875 0.06640625
0 0.580078125 0.439453125 0.048828125 0.076171875
0 0.296875 0.4609375 0.05078125 0.078125
0 0.62890625 0.3935546875 0.044921875 0.0703125
0 0.6875 0.4345703125 0.044921875 0.0703125
0 0.658203125 0.3681640625 0.041015625 0.064453125
0 0.658203125 0.5078125 0.048828125 0.078125