0 0.5234375 0.4453125 0.0625 0.09765625
0 0.5654296875 0.34375 0.046875 0.076171875
0 0.595703125 0.3759765625 0.052734375 0.076171875
0 0.3017578125 0.419921875 0.05859375 0.09375
0 0.658203125 0.3681640625 0.05078125 0.078125
0 0.5859375 0.4453125 0.060546875 0.09765625
0 0.7529296875 0.3271484375 0.044921875 0.0703125
0 0.40625 0.4140625 0.056640625 0.08984375
0 0.353515625 0.37109375 0.0546875 0.083984375
0 0.779296875 0.3662109375 0.05078125 0.078125
0 0.7177734375 0.33984375 0.046875 0.072265625
0 0.7392578125 0.41015625 0.056640625 0.08984375