0 0.251953125 0.564453125 0.056640625 0.091796875
0 0.4970703125 0.3671875 0.046875 0.076171875
0 0.3544921875 0.529296875 0.0546875 0.08984375
0 0.5322265625 0.4267578125 0.048828125 0.08203125
0 0.53515625 0.5498046875 0.0546875 0.09375
0 0.4775390625 0.4208984375 0.048828125 0.080078125
0 0.591796875 0.3876953125 0.046875 0.078125
0 0.294921875 0.4638671875 0.05078125 0.08203125
0 0.5654296875 0.322265625 0.04296875 0.068359375
0 0.677734375 0.2890625 0.044921875 0.072265625
0 0.6767578125 0.4482421875 0.05078125 0.0859375
0 0.7099609375 0.3603515625 0.046875 0.078125
0 0.6474609375 0.32421875 0.04296875 0.07421875
0 0.4736328125 0.5615234375 0.056640625 0.095703125