0 0.541015625 0.486328125 0.0517578125 0.0927734375
0 0.322265625 0.4931640625 0.052734375 0.091796875
0 0.4228515625 0.4599609375 0.048828125 0.087890625
0 0.5751953125 0.3154296875 0.0419921875 0.0751953125
0 0.6044921875 0.474609375 0.05078125 0.0927734375
0 0.646484375 0.2734375 0.0390625 0.0693359375
0 0.73046875 0.2724609375 0.04296875 0.0751953125
0 0.607421875 0.365234375 0.044921875 0.080078125
0 0.7646484375 0.240234375 0.0400390625 0.0693359375
0 0.671875 0.330078125 0.044921875 0.078125
0 0.3681640625 0.4052734375 0.044921875 0.078125
0 0.755859375 0.3818359375 0.048828125 0.0859375
0 0.5517578125 0.3642578125 0.04296875 0.078125
0 0.794921875 0.30078125 0.0439453125 0.076171875