0 0.65234375 0.453125 0.0625 0.08984375
0 0.72265625 0.43359375 0.060546875 0.0859375
0 0.6220703125 0.5595703125 0.068359375 0.099609375
0 0.5576171875 0.5576171875 0.0703125 0.1015625
0 0.3310546875 0.4580078125 0.064453125 0.08984375
0 0.44921875 0.498046875 0.06640625 0.09765625
0 0.6318359375 0.39453125 0.0546875 0.080078125
0 0.7138671875 0.3720703125 0.052734375 0.076171875
0 0.4111328125 0.427734375 0.05859375 0.08203125
0 0.8525390625 0.4384765625 0.060546875 0.083984375
0 0.796875 0.392578125 0.056640625 0.080078125
0 0.8369140625 0.369140625 0.0546875 0.080078125
0 0.7958984375 0.509765625 0.06640625 0.09375
0 0.5986328125 0.435546875 0.056640625 0.083984375