0 0.541015625 0.5458984375 0.0703125 0.099609375
0 0.6025390625 0.548828125 0.0703125 0.099609375
0 0.431640625 0.4931640625 0.06640625 0.095703125
0 0.6044921875 0.3896484375 0.056640625 0.080078125
0 0.626953125 0.447265625 0.0625 0.087890625
0 0.3271484375 0.5009765625 0.068359375 0.095703125
0 0.6943359375 0.427734375 0.060546875 0.0859375
0 0.765625 0.49609375 0.06640625 0.091796875
0 0.7978515625 0.36328125 0.0546875 0.076171875
0 0.3876953125 0.4267578125 0.060546875 0.0859375
0 0.681640625 0.3681640625 0.052734375 0.07421875
0 0.7607421875 0.3857421875 0.056640625 0.080078125
0 0.8173828125 0.4287109375 0.05859375 0.08203125
0 0.5732421875 0.431640625 0.056640625 0.08203125