0 0.57421875 0.29296875 0.041015625 0.0703125
0 0.5576171875 0.3974609375 0.052734375 0.09375
0 0.611328125 0.3203125 0.04296875 0.072265625
0 0.7529296875 0.240234375 0.0390625 0.06640625
0 0.669921875 0.2978515625 0.04296875 0.07421875
0 0.43359375 0.388671875 0.05078125 0.087890625
0 0.640625 0.2666015625 0.0390625 0.068359375
0 0.3017578125 0.392578125 0.046875 0.0859375
0 0.7890625 0.2734375 0.044921875 0.07421875
0 0.6201171875 0.38671875 0.05078125 0.08984375
0 0.7607421875 0.3232421875 0.05078125 0.083984375
0 0.7216796875 0.26171875 0.041015625 0.068359375
0 0.37109375 0.359375 0.044921875 0.076171875