0 0.6826171875 0.4189453125 0.052734375 0.080078125
0 0.5166015625 0.435546875 0.056640625 0.087890625
0 0.6484375 0.3662109375 0.044921875 0.068359375
0 0.73828125 0.412109375 0.048828125 0.078125
0 0.458984375 0.3701171875 0.052734375 0.080078125
0 0.39453125 0.38671875 0.0546875 0.083984375
0 0.7109375 0.359375 0.04296875 0.068359375
0 0.81640625 0.373046875 0.04296875 0.068359375
0 0.4228515625 0.4267578125 0.05859375 0.08984375
0 0.818359375 0.482421875 0.056640625 0.083984375
0 0.8466796875 0.431640625 0.048828125 0.076171875
0 0.630859375 0.498046875 0.056640625 0.087890625
0 0.6884765625 0.5068359375 0.056640625 0.087890625