0 0.6279296875 0.4892578125 0.0625 0.09375
0 0.6513671875 0.3623046875 0.046875 0.0703125
0 0.5166015625 0.427734375 0.05859375 0.087890625
0 0.6845703125 0.5029296875 0.0625 0.091796875
0 0.396484375 0.375 0.056640625 0.0859375
0 0.71484375 0.3564453125 0.046875 0.068359375
0 0.6826171875 0.41796875 0.05078125 0.078125
0 0.4208984375 0.416015625 0.060546875 0.091796875
0 0.7373046875 0.41015625 0.052734375 0.078125
0 0.8466796875 0.431640625 0.05078125 0.07421875
0 0.7890625 0.38671875 0.048828125 0.072265625
0 0.4609375 0.3603515625 0.0546875 0.080078125
0 0.8173828125 0.482421875 0.05859375 0.0859375