0 0.4462890625 0.4873046875 0.05078125 0.091796875
0 0.3271484375 0.4482421875 0.0498046875 0.0859375
0 0.224609375 0.478515625 0.052734375 0.08984375
0 0.474609375 0.29296875 0.0419921875 0.0751953125
0 0.509765625 0.3564453125 0.0439453125 0.0791015625
0 0.568359375 0.3203125 0.04296875 0.0732421875
0 0.5078125 0.4775390625 0.0498046875 0.091796875
0 0.26953125 0.37890625 0.0478515625 0.080078125
0 0.544921875 0.2529296875 0.0380859375 0.06640625
0 0.65625 0.2265625 0.0400390625 0.0693359375
0 0.685546875 0.298828125 0.0419921875 0.0751953125
0 0.4541015625 0.34765625 0.041015625 0.0751953125
0 0.625 0.2587890625 0.0400390625 0.0712890625
0 0.650390625 0.388671875 0.0439453125 0.0791015625