0 0.2646484375 0.478515625 0.0625 0.06640625
0 0.2568359375 0.55859375 0.103515625 0.146484375
0 0.40234375 0.419921875 0.076171875 0.1015625
0 0.5283203125 0.517578125 0.109375 0.154296875
0 0.306640625 0.5048828125 0.0859375 0.107421875
0 0.3212890625 0.609375 0.111328125 0.166015625
0 0.46875 0.4736328125 0.0859375 0.130859375
0 0.3876953125 0.61328125 0.119140625 0.158203125
0 0.3994140625 0.759765625 0.158203125 0.224609375
0 0.4345703125 0.5556640625 0.111328125 0.158203125
0 0.427734375 0.49609375 0.091796875 0.107421875
0 0.6416015625 0.6083984375 0.12890625 0.166015625
0 0.55078125 0.708984375 0.15625 0.220703125