0 0.458984375 0.826171875 0.107421875 0.193359375
0 0.4130859375 0.498046875 0.09375 0.162109375
0 0.5947265625 0.77734375 0.1044921875 0.1845703125
0 0.46484375 0.1640625 0.0712890625 0.125
0 0.5400390625 0.318359375 0.078125 0.140625
0 0.341796875 0.4375 0.08984375 0.1611328125
0 0.4453125 0.36328125 0.083984375 0.1455078125
0 0.24609375 0.265625 0.0830078125 0.14453125
0 0.666015625 0.62109375 0.091796875 0.1640625
0 0.2470703125 0.1259765625 0.072265625 0.1318359375
0 0.376953125 0.017578125 0.0595703125 0.03515625