0 0.533203125 0.529296875 0.0546875 0.09765625
0 0.6025390625 0.447265625 0.046875 0.0751953125
0 0.59765625 0.5185546875 0.052734375 0.095703125
0 0.5703125 0.4189453125 0.041015625 0.0732421875
0 0.666015625 0.4267578125 0.044921875 0.0791015625
0 0.30859375 0.537109375 0.0517578125 0.08984375
0 0.359375 0.4794921875 0.0478515625 0.08203125
0 0.7607421875 0.3701171875 0.0400390625 0.068359375
0 0.4130859375 0.515625 0.048828125 0.0859375
0 0.7919921875 0.4072265625 0.044921875 0.0751953125
0 0.7529296875 0.4580078125 0.0517578125 0.087890625
0 0.7265625 0.390625 0.041015625 0.0712890625