0 0.5107421875 0.4775390625 0.064453125 0.103515625
0 0.3935546875 0.443359375 0.060546875 0.09375
0 0.58984375 0.41015625 0.056640625 0.08203125
0 0.57421875 0.4775390625 0.0625 0.1015625
0 0.5615234375 0.375 0.048828125 0.080078125
0 0.265625 0.41796875 0.056640625 0.087890625
0 0.6552734375 0.3994140625 0.052734375 0.080078125
0 0.345703125 0.3984375 0.052734375 0.08203125
0 0.7802734375 0.3994140625 0.0546875 0.080078125
0 0.75390625 0.3583984375 0.048828125 0.076171875
0 0.7177734375 0.3720703125 0.05078125 0.078125
0 0.7353515625 0.443359375 0.05859375 0.087890625