0 0.662109375 0.2841796875 0.048828125 0.076171875
0 0.7607421875 0.2919921875 0.056640625 0.083984375
0 0.6953125 0.310546875 0.0546875 0.07421875
0 0.62109375 0.3876953125 0.0625 0.09765625
0 0.8603515625 0.2392578125 0.048828125 0.076171875
0 0.4453125 0.3427734375 0.0546875 0.083984375
0 0.8232421875 0.2578125 0.05078125 0.078125
0 0.37109375 0.3720703125 0.056640625 0.087890625
0 0.6875 0.3798828125 0.064453125 0.09765625
0 0.5 0.375 0.060546875 0.091796875
0 0.890625 0.2724609375 0.056640625 0.083984375
0 0.849609375 0.3193359375 0.0625 0.091796875