0 0.5517578125 0.25390625 0.0546875 0.08203125
0 0.4970703125 0.255859375 0.052734375 0.08203125
0 0.271484375 0.3505859375 0.05859375 0.0859375
0 0.6015625 0.2216796875 0.052734375 0.078125
0 0.5615234375 0.1796875 0.046875 0.0703125
0 0.6396484375 0.1728515625 0.048828125 0.076171875
0 0.580078125 0.3369140625 0.060546875 0.091796875
0 0.7080078125 0.19140625 0.05078125 0.07421875
0 0.3271484375 0.3037109375 0.056640625 0.083984375
0 0.6943359375 0.2548828125 0.05859375 0.0859375
0 0.400390625 0.34375 0.056640625 0.0859375
0 0.525390625 0.3544921875 0.060546875 0.091796875
0 0.30859375 0.37890625 0.05859375 0.087890625