0 0.1220703125 0.39453125 0.072265625 0.1015625
0 0.4130859375 0.1328125 0.05859375 0.083984375
0 0.318359375 0.1484375 0.05859375 0.08203125
0 0.21484375 0.3291015625 0.0703125 0.09765625
0 0.3935546875 0.28125 0.068359375 0.099609375
0 0.3740234375 0.08984375 0.0546875 0.080078125
0 0.140625 0.2978515625 0.064453125 0.09375
0 0.365234375 0.18359375 0.0625 0.08984375
0 0.4716796875 0.033203125 0.052734375 0.06640625
0 0.517578125 0.0712890625 0.05859375 0.083984375
0 0.5048828125 0.1533203125 0.064453125 0.09375
0 0.337890625 0.3115234375 0.0703125 0.1015625
0 0.4501953125 0.0634765625 0.056640625 0.08203125