0 0.5517578125 0.3984375 0.0546875 0.078125
0 0.4287109375 0.47265625 0.06640625 0.09765625
0 0.4931640625 0.40625 0.052734375 0.07421875
0 0.4619140625 0.376953125 0.048828125 0.076171875
0 0.310546875 0.4404296875 0.0625 0.09375
0 0.2060546875 0.4453125 0.06640625 0.095703125
0 0.5302734375 0.36328125 0.046875 0.0703125
0 0.4873046875 0.474609375 0.060546875 0.091796875
0 0.2548828125 0.3994140625 0.056640625 0.08203125
0 0.6376953125 0.361328125 0.046875 0.068359375
0 0.6640625 0.40234375 0.05078125 0.076171875
0 0.60546875 0.3759765625 0.048828125 0.072265625
0 0.630859375 0.4404296875 0.056640625 0.08203125