0 0.55078125 0.5224609375 0.056640625 0.095703125
0 0.3310546875 0.509765625 0.0546875 0.09375
0 0.615234375 0.5126953125 0.0546875 0.09375
0 0.6279296875 0.400390625 0.048828125 0.083984375
0 0.4345703125 0.4833984375 0.0546875 0.08984375
0 0.77734375 0.4296875 0.0546875 0.08984375
0 0.6943359375 0.3681640625 0.046875 0.080078125
0 0.5986328125 0.34375 0.044921875 0.07421875
0 0.6748046875 0.30859375 0.04296875 0.0703125
0 0.384765625 0.4228515625 0.048828125 0.080078125
0 0.7958984375 0.2802734375 0.04296875 0.0703125
0 0.8232421875 0.345703125 0.046875 0.078125
0 0.5712890625 0.392578125 0.044921875 0.080078125
0 0.759765625 0.3125 0.046875 0.078125