0 0.6103515625 0.271484375 0.044921875 0.0703125
0 0.478515625 0.35546875 0.056640625 0.087890625
0 0.353515625 0.322265625 0.05078125 0.080078125
0 0.6455078125 0.3212890625 0.05078125 0.080078125
0 0.6748046875 0.2568359375 0.04296875 0.068359375
0 0.779296875 0.2568359375 0.04296875 0.06640625
0 0.701171875 0.3076171875 0.048828125 0.076171875
0 0.59375 0.40625 0.056640625 0.08984375
0 0.419921875 0.296875 0.052734375 0.08203125
0 0.8115234375 0.3125 0.048828125 0.07421875
0 0.783203125 0.3671875 0.0546875 0.08203125
0 0.6513671875 0.408203125 0.0546875 0.087890625
0 0.3828125 0.3603515625 0.0546875 0.087890625