0 0.5537109375 0.7041015625 0.158203125 0.220703125
0 0.263671875 0.48046875 0.0625 0.06640625
0 0.255859375 0.5595703125 0.10546875 0.1484375
0 0.3046875 0.5048828125 0.0859375 0.107421875
0 0.3994140625 0.4189453125 0.076171875 0.099609375
0 0.322265625 0.6083984375 0.11328125 0.166015625
0 0.5263671875 0.513671875 0.111328125 0.154296875
0 0.466796875 0.4716796875 0.08984375 0.12890625
0 0.388671875 0.6123046875 0.12109375 0.16015625
0 0.4345703125 0.5537109375 0.115234375 0.16015625
0 0.640625 0.6044921875 0.1328125 0.16796875
0 0.42578125 0.494140625 0.09375 0.107421875
0 0.4033203125 0.759765625 0.158203125 0.220703125