0 0.423828125 0.3720703125 0.048828125 0.076171875
0 0.462890625 0.3916015625 0.05078125 0.07421875
0 0.4208984375 0.474609375 0.0625 0.09765625
0 0.4775390625 0.4560546875 0.060546875 0.095703125
0 0.5869140625 0.3037109375 0.044921875 0.0703125
0 0.5166015625 0.3662109375 0.048828125 0.076171875
0 0.623046875 0.3330078125 0.05078125 0.078125
0 0.2333984375 0.458984375 0.0546875 0.080078125
0 0.201171875 0.51953125 0.064453125 0.095703125
0 0.484375 0.3388671875 0.044921875 0.0703125
0 0.2998046875 0.482421875 0.05859375 0.087890625
0 0.5595703125 0.3271484375 0.044921875 0.0703125
0 0.603515625 0.3818359375 0.0546875 0.083984375