0 0.4619140625 0.8876953125 0.109375 0.1943359375
0 0.59765625 0.8271484375 0.10546875 0.1875
0 0.4375 0.41796875 0.0849609375 0.1474609375
0 0.3349609375 0.4990234375 0.091796875 0.1611328125
0 0.234375 0.3330078125 0.0859375 0.1484375
0 0.453125 0.2197265625 0.072265625 0.125
0 0.4091796875 0.55859375 0.09375 0.1611328125
0 0.5322265625 0.369140625 0.080078125 0.1416015625
0 0.669921875 0.6630859375 0.09375 0.1650390625
0 0.2333984375 0.193359375 0.072265625 0.12890625
0 0.3583984375 0.048828125 0.064453125 0.09765625