0 0.5546875 0.529296875 0.05078125 0.091796875
0 0.4365234375 0.5009765625 0.048828125 0.087890625
0 0.7626953125 0.431640625 0.048828125 0.0849609375
0 0.677734375 0.37890625 0.0439453125 0.076171875
0 0.58203125 0.36328125 0.0400390625 0.0712890625
0 0.6171875 0.412109375 0.044921875 0.080078125
0 0.65234375 0.3251953125 0.0380859375 0.06640625
0 0.615234375 0.515625 0.0498046875 0.08984375
0 0.7685546875 0.294921875 0.0400390625 0.06640625
0 0.310546875 0.4912109375 0.0458984375 0.08203125
0 0.734375 0.32421875 0.0419921875 0.0732421875
0 0.798828125 0.353515625 0.0439453125 0.0732421875
0 0.37890625 0.4443359375 0.044921875 0.078125
0 0.560546875 0.408203125 0.041015625 0.0751953125