0 0.5205078125 0.5048828125 0.052734375 0.08984375
0 0.3046875 0.4892578125 0.052734375 0.087890625
0 0.4013671875 0.4638671875 0.048828125 0.083984375
0 0.5771484375 0.4951171875 0.05078125 0.0859375
0 0.6318359375 0.3505859375 0.04296875 0.07421875
0 0.5400390625 0.32421875 0.041015625 0.0703125
0 0.34375 0.3984375 0.046875 0.076171875
0 0.521484375 0.373046875 0.044921875 0.076171875
0 0.74609375 0.333984375 0.04296875 0.0703125
0 0.6845703125 0.2958984375 0.041015625 0.068359375
0 0.607421875 0.2890625 0.0390625 0.06640625
0 0.5751953125 0.3837890625 0.04296875 0.07421875
0 0.71484375 0.2666015625 0.0390625 0.06640625
0 0.71484375 0.4150390625 0.046875 0.080078125