0 0.5732421875 0.19921875 0.041015625 0.0732421875
0 0.560546875 0.3525390625 0.0498046875 0.0888671875
0 0.439453125 0.3037109375 0.048828125 0.0859375
0 0.310546875 0.271484375 0.0458984375 0.08203125
0 0.611328125 0.255859375 0.0439453125 0.078125
0 0.619140625 0.3525390625 0.048828125 0.0888671875
0 0.6376953125 0.1767578125 0.037109375 0.0654296875
0 0.3408203125 0.3134765625 0.048828125 0.087890625
0 0.748046875 0.1708984375 0.037109375 0.06640625
0 0.7822265625 0.234375 0.041015625 0.072265625
0 0.7177734375 0.193359375 0.0390625 0.068359375
0 0.66796875 0.234375 0.0400390625 0.072265625
0 0.75390625 0.30078125 0.044921875 0.0791015625
0 0.376953125 0.240234375 0.0419921875 0.0751953125