0 0.375 0.732421875 0.150390625 0.20703125
0 0.431640625 0.43359375 0.12890625 0.17578125
0 0.513671875 0.7412109375 0.146484375 0.201171875
0 0.501953125 0.3232421875 0.119140625 0.162109375
0 0.349609375 0.1708984375 0.111328125 0.150390625
0 0.384765625 0.35546875 0.12109375 0.16796875
0 0.580078125 0.1572265625 0.09765625 0.138671875
0 0.630859375 0.630859375 0.1328125 0.18359375
0 0.6025390625 0.3212890625 0.109375 0.15234375
0 0.4140625 0.1171875 0.10546875 0.146484375
0 0.54296875 0.013671875 0.05859375 0.02734375