0 0.5927734375 0.6572265625 0.1220703125 0.2099609375
0 0.3583984375 0.431640625 0.107421875 0.181640625
0 0.380859375 0.294921875 0.095703125 0.1552734375
0 0.2685546875 0.390625 0.0986328125 0.177734375
0 0.482421875 0.236328125 0.087890625 0.1552734375
0 0.384765625 0.1103515625 0.078125 0.134765625
0 0.1455078125 0.2509765625 0.1005859375 0.1669921875
0 0.6591796875 0.486328125 0.10546875 0.18359375
0 0.44140625 0.75 0.1240234375 0.22265625
0 0.134765625 0.1142578125 0.078125 0.12890625
0 0.271484375 0.017578125 0.064453125 0.03515625