0 0.49609375 0.8896484375 0.125 0.203125
0 0.6259765625 0.8173828125 0.12109375 0.1953125
0 0.4306640625 0.423828125 0.09765625 0.154296875
0 0.3359375 0.513671875 0.10546875 0.16796875
0 0.220703125 0.3564453125 0.09765625 0.15625
0 0.4287109375 0.224609375 0.08203125 0.130859375
0 0.4150390625 0.56640625 0.107421875 0.16796875
0 0.5205078125 0.3671875 0.091796875 0.1484375
0 0.68359375 0.6474609375 0.107421875 0.171875
0 0.2080078125 0.2177734375 0.083984375 0.134765625
0 0.3193359375 0.0625 0.072265625 0.103515625