0 0.5888671875 0.392578125 0.05078125 0.07421875
0 0.494140625 0.3828125 0.05078125 0.07421875
0 0.5419921875 0.4296875 0.052734375 0.078125
0 0.3037109375 0.56640625 0.060546875 0.091796875
0 0.3935546875 0.529296875 0.05859375 0.0859375
0 0.572265625 0.53125 0.060546875 0.091796875
0 0.5185546875 0.548828125 0.0625 0.09375
0 0.2646484375 0.5322265625 0.052734375 0.08203125
0 0.3193359375 0.478515625 0.056640625 0.08203125
0 0.548828125 0.3408203125 0.044921875 0.06640625
0 0.6474609375 0.3076171875 0.044921875 0.06640625
0 0.626953125 0.3388671875 0.046875 0.0703125
0 0.6923828125 0.3623046875 0.048828125 0.072265625
0 0.6845703125 0.4404296875 0.0546875 0.080078125