0 0.5908203125 0.7919921875 0.130859375 0.203125
0 0.4443359375 0.84765625 0.134765625 0.21484375
0 0.494140625 0.1669921875 0.0859375 0.13671875
0 0.5615234375 0.32421875 0.09765625 0.15234375
0 0.4609375 0.369140625 0.103515625 0.16015625
0 0.2607421875 0.2734375 0.1015625 0.158203125
0 0.6787109375 0.626953125 0.1171875 0.18359375
0 0.3486328125 0.4482421875 0.109375 0.173828125
0 0.4189453125 0.5087890625 0.11328125 0.17578125
0 0.2705078125 0.130859375 0.08984375 0.142578125
0 0.408203125 0.0234375 0.0703125 0.046875