0 0.501953125 0.4072265625 0.04296875 0.0703125
0 0.5 0.5791015625 0.05078125 0.08984375
0 0.556640625 0.5673828125 0.046875 0.083984375
0 0.380859375 0.544921875 0.046875 0.080078125
0 0.3154296875 0.4853515625 0.046875 0.076171875
0 0.5634765625 0.3701171875 0.037109375 0.0625
0 0.2529296875 0.5322265625 0.048828125 0.08203125
0 0.666015625 0.345703125 0.037109375 0.0625
0 0.701171875 0.408203125 0.04296875 0.068359375
0 0.54296875 0.4619140625 0.041015625 0.072265625
0 0.6396484375 0.375 0.0390625 0.06640625
0 0.6796875 0.486328125 0.044921875 0.076171875
0 0.5947265625 0.4287109375 0.0390625 0.0703125
0 0.28515625 0.57421875 0.05078125 0.0859375