0 0.625 0.5126953125 0.064453125 0.095703125
0 0.515625 0.4453125 0.0625 0.08984375
0 0.6806640625 0.525390625 0.064453125 0.09375
0 0.65234375 0.38671875 0.048828125 0.072265625
0 0.421875 0.4296875 0.0625 0.09375
0 0.71484375 0.3818359375 0.048828125 0.0703125
0 0.3974609375 0.3896484375 0.0546875 0.083984375
0 0.7373046875 0.4365234375 0.0546875 0.078125
0 0.6826171875 0.4423828125 0.052734375 0.08203125
0 0.845703125 0.462890625 0.052734375 0.076171875
0 0.818359375 0.4013671875 0.046875 0.068359375
0 0.4619140625 0.3759765625 0.056640625 0.08203125
0 0.814453125 0.51171875 0.060546875 0.0859375