0 0.4814453125 0.4677734375 0.052734375 0.08984375
0 0.4736328125 0.4013671875 0.046875 0.0703125
0 0.529296875 0.380859375 0.04296875 0.07421875
0 0.30078125 0.4736328125 0.052734375 0.087890625
0 0.638671875 0.3603515625 0.04296875 0.07421875
0 0.4375 0.376953125 0.0390625 0.068359375
0 0.2001953125 0.5009765625 0.0546875 0.08984375
0 0.5 0.3505859375 0.0390625 0.06640625
0 0.6142578125 0.40625 0.046875 0.080078125
0 0.5771484375 0.3466796875 0.041015625 0.0703125
0 0.23828125 0.443359375 0.046875 0.076171875
0 0.4228515625 0.48046875 0.056640625 0.09375
0 0.60546875 0.3271484375 0.037109375 0.064453125