0 0.5703125 0.2919921875 0.0400390625 0.0693359375
0 0.5556640625 0.396484375 0.0517578125 0.0927734375
0 0.6083984375 0.318359375 0.0419921875 0.072265625
0 0.748046875 0.236328125 0.037109375 0.0654296875
0 0.666015625 0.294921875 0.041015625 0.0732421875
0 0.431640625 0.3896484375 0.048828125 0.087890625
0 0.63671875 0.2646484375 0.037109375 0.068359375
0 0.2998046875 0.396484375 0.044921875 0.0849609375
0 0.78515625 0.2685546875 0.04296875 0.0732421875
0 0.6181640625 0.384765625 0.048828125 0.0888671875
0 0.7578125 0.318359375 0.048828125 0.0830078125
0 0.7177734375 0.2578125 0.0390625 0.068359375
0 0.369140625 0.361328125 0.0439453125 0.0751953125