0 0.4609375 0.3369140625 0.04296875 0.072265625
0 0.4365234375 0.4365234375 0.05859375 0.095703125
0 0.31640625 0.4208984375 0.0546875 0.087890625
0 0.4951171875 0.36328125 0.046875 0.0703125
0 0.2138671875 0.4375 0.056640625 0.091796875
0 0.5263671875 0.3154296875 0.041015625 0.068359375
0 0.5517578125 0.349609375 0.044921875 0.07421875
0 0.4970703125 0.4306640625 0.0546875 0.091796875
0 0.6337890625 0.3017578125 0.041015625 0.06640625
0 0.2578125 0.384765625 0.048828125 0.078125
0 0.6640625 0.3369140625 0.04296875 0.072265625
0 0.6337890625 0.3818359375 0.05078125 0.08203125
0 0.603515625 0.318359375 0.04296875 0.0703125