0 0.5546875 0.42578125 0.05859375 0.08203125
0 0.60546875 0.5185546875 0.076171875 0.10546875
0 0.4248046875 0.5556640625 0.072265625 0.099609375
0 0.5947265625 0.4482421875 0.0625 0.08203125
0 0.5458984375 0.541015625 0.078125 0.109375
0 0.36328125 0.5322265625 0.064453125 0.08984375
0 0.650390625 0.4140625 0.0625 0.0859375
0 0.2978515625 0.58203125 0.0625 0.09375
0 0.767578125 0.3662109375 0.0625 0.083984375
0 0.7001953125 0.36328125 0.05859375 0.080078125
0 0.728515625 0.337890625 0.056640625 0.080078125
0 0.7431640625 0.42578125 0.068359375 0.09375