0 0.533203125 0.84375 0.1484375 0.212890625
0 0.4150390625 0.5322265625 0.12890625 0.181640625
0 0.3896484375 0.193359375 0.09765625 0.138671875
0 0.4150390625 0.392578125 0.115234375 0.162109375
0 0.1982421875 0.3408203125 0.115234375 0.1640625
0 0.4970703125 0.3291015625 0.109375 0.15625
0 0.3310546875 0.490234375 0.12109375 0.173828125
0 0.6904296875 0.59375 0.130859375 0.1875
0 0.1689453125 0.205078125 0.1015625 0.14453125
0 0.6533203125 0.7646484375 0.140625 0.19921875
0 0.267578125 0.06640625 0.0703125 0.0625