0 0.2548828125 0.6376953125 0.12890625 0.19140625
0 0.11328125 0.5078125 0.125 0.177734375
0 0.345703125 0.5126953125 0.1171875 0.169921875
0 0.4326171875 0.43359375 0.107421875 0.162109375
0 0.318359375 0.31640625 0.095703125 0.138671875
0 0.34765625 0.6640625 0.12890625 0.19140625
0 0.640625 0.6669921875 0.12890625 0.1953125
0 0.185546875 0.181640625 0.0859375 0.1328125
0 0.0830078125 0.3720703125 0.1015625 0.146484375
0 0.47265625 0.9326171875 0.140625 0.134765625
0 0.607421875 0.8642578125 0.14453125 0.21875