0 0.6142578125 0.2763671875 0.044921875 0.076171875
0 0.6552734375 0.2939453125 0.05078125 0.072265625
0 0.4794921875 0.376953125 0.056640625 0.091796875
0 0.712890625 0.2705078125 0.05078125 0.078125
0 0.794921875 0.2099609375 0.04296875 0.072265625
0 0.681640625 0.244140625 0.046875 0.072265625
0 0.666015625 0.357421875 0.05859375 0.095703125
0 0.6044921875 0.3740234375 0.05859375 0.09375
0 0.3505859375 0.390625 0.048828125 0.083984375
0 0.8349609375 0.23828125 0.05078125 0.080078125
0 0.7646484375 0.2314453125 0.046875 0.072265625
0 0.80859375 0.2841796875 0.056640625 0.08984375
0 0.4169921875 0.353515625 0.048828125 0.080078125