0 0.2490234375 0.513671875 0.08203125 0.13671875
0 0.2724609375 0.4365234375 0.0546875 0.05859375
0 0.357421875 0.7373046875 0.126953125 0.208984375
0 0.3056640625 0.5751953125 0.087890625 0.15625
0 0.5244140625 0.5205078125 0.087890625 0.14453125
0 0.306640625 0.4697265625 0.072265625 0.09765625
0 0.4169921875 0.4033203125 0.060546875 0.091796875
0 0.4287109375 0.482421875 0.078125 0.095703125
0 0.3701171875 0.58984375 0.09765625 0.14453125
0 0.47265625 0.466796875 0.068359375 0.12109375
0 0.42578125 0.5419921875 0.087890625 0.1484375
0 0.513671875 0.712890625 0.123046875 0.205078125
0 0.6201171875 0.6298828125 0.10546875 0.154296875