0 0.3310546875 0.8701171875 0.1328125 0.20703125
0 0.283203125 0.5625 0.11328125 0.171875
0 0.3125 0.4296875 0.10546875 0.16015625
0 0.5400390625 0.6611328125 0.115234375 0.1796875
0 0.208984375 0.5068359375 0.111328125 0.171875
0 0.40625 0.384765625 0.09765625 0.154296875
0 0.1123046875 0.349609375 0.10546875 0.15625
0 0.3291015625 0.24609375 0.0859375 0.134765625
0 0.15625 0.2734375 0.099609375 0.15234375
0 0.4677734375 0.81640625 0.126953125 0.1953125
0 0.240234375 0.0830078125 0.07421875 0.109375