0 0.443359375 0.337890625 0.0380859375 0.0693359375
0 0.42578125 0.439453125 0.05078125 0.08984375
0 0.4794921875 0.361328125 0.0419921875 0.068359375
0 0.615234375 0.2890625 0.037109375 0.06640625
0 0.2041015625 0.455078125 0.0517578125 0.0888671875
0 0.2431640625 0.3994140625 0.044921875 0.0791015625
0 0.6201171875 0.369140625 0.044921875 0.0791015625
0 0.5361328125 0.3427734375 0.041015625 0.0712890625
0 0.5078125 0.3115234375 0.03515625 0.0654296875
0 0.486328125 0.4267578125 0.048828125 0.087890625
0 0.6474609375 0.322265625 0.0390625 0.0693359375
0 0.3056640625 0.431640625 0.046875 0.0830078125
0 0.5849609375 0.30859375 0.0361328125 0.0654296875