0 0.673828125 0.2919921875 0.046875 0.0703125
0 0.6083984375 0.3759765625 0.056640625 0.095703125
0 0.63671875 0.2705078125 0.041015625 0.07421875
0 0.736328125 0.2685546875 0.046875 0.078125
0 0.8310546875 0.2041015625 0.041015625 0.072265625
0 0.3564453125 0.38671875 0.046875 0.083984375
0 0.7958984375 0.2265625 0.04296875 0.07421875
0 0.671875 0.361328125 0.0546875 0.09375
0 0.484375 0.376953125 0.052734375 0.087890625
0 0.4287109375 0.349609375 0.048828125 0.080078125
0 0.865234375 0.2353515625 0.048828125 0.080078125
0 0.828125 0.2861328125 0.0546875 0.0859375