0 0.66015625 0.388671875 0.044921875 0.0791015625
0 0.62109375 0.34765625 0.0400390625 0.068359375
0 0.716796875 0.3623046875 0.0419921875 0.0751953125
0 0.611328125 0.478515625 0.0498046875 0.08984375
0 0.671875 0.4697265625 0.048828125 0.0888671875
0 0.6865234375 0.318359375 0.037109375 0.0654296875
0 0.80859375 0.4052734375 0.048828125 0.08203125
0 0.796875 0.296875 0.0380859375 0.0654296875
0 0.767578125 0.3203125 0.041015625 0.068359375
0 0.8349609375 0.3447265625 0.0419921875 0.072265625
0 0.48828125 0.455078125 0.0478515625 0.0849609375
0 0.359375 0.447265625 0.041015625 0.078125
0 0.42578125 0.41015625 0.044921875 0.078125