0 0.263671875 0.568359375 0.0498046875 0.0849609375
0 0.4794921875 0.578125 0.048828125 0.0859375
0 0.521484375 0.462890625 0.0419921875 0.0751953125
0 0.359375 0.5419921875 0.046875 0.08203125
0 0.4814453125 0.408203125 0.037109375 0.06640625
0 0.2294921875 0.5283203125 0.044921875 0.076171875
0 0.5361328125 0.568359375 0.046875 0.0830078125
0 0.541015625 0.3740234375 0.0361328125 0.0634765625
0 0.5732421875 0.431640625 0.041015625 0.072265625
0 0.2939453125 0.482421875 0.04296875 0.0732421875
0 0.6171875 0.380859375 0.0380859375 0.06640625
0 0.6796875 0.4150390625 0.0380859375 0.06640625
0 0.6435546875 0.3525390625 0.03515625 0.0615234375
0 0.658203125 0.4912109375 0.0419921875 0.0732421875