0 0.744140625 0.2919921875 0.04296875 0.068359375
0 0.6044921875 0.43359375 0.056640625 0.091796875
0 0.54296875 0.4423828125 0.05859375 0.09375
0 0.6015625 0.3662109375 0.046875 0.07421875
0 0.5654296875 0.3388671875 0.04296875 0.072265625
0 0.6328125 0.3125 0.041015625 0.068359375
0 0.7783203125 0.3271484375 0.048828125 0.07421875
0 0.6591796875 0.345703125 0.046875 0.076171875
0 0.419921875 0.4306640625 0.0546875 0.08984375
0 0.3173828125 0.453125 0.056640625 0.091796875
0 0.712890625 0.3115234375 0.04296875 0.0703125
0 0.3603515625 0.3974609375 0.05078125 0.078125
0 0.7490234375 0.375 0.052734375 0.083984375