0 0.431640625 0.5986328125 0.12109375 0.177734375
0 0.5224609375 0.390625 0.099609375 0.1484375
0 0.6611328125 0.828125 0.134765625 0.201171875
0 0.4375 0.455078125 0.107421875 0.158203125
0 0.421875 0.2568359375 0.08984375 0.1328125
0 0.2255859375 0.4091796875 0.10546875 0.154296875
0 0.705078125 0.6572265625 0.119140625 0.17578125
0 0.349609375 0.5537109375 0.115234375 0.173828125
0 0.203125 0.2724609375 0.091796875 0.134765625
0 0.53125 0.904296875 0.1328125 0.19140625
0 0.3017578125 0.099609375 0.08203125 0.126953125