0 0.5771484375 0.3310546875 0.06640625 0.09375
0 0.3984375 0.3447265625 0.064453125 0.091796875
0 0.548828125 0.1748046875 0.048828125 0.0703125
0 0.5234375 0.3486328125 0.06640625 0.09375
0 0.4951171875 0.21484375 0.05078125 0.072265625
0 0.6484375 0.1357421875 0.05078125 0.072265625
0 0.30859375 0.384765625 0.06640625 0.09375
0 0.5439453125 0.2490234375 0.0546875 0.080078125
0 0.3232421875 0.3115234375 0.060546875 0.0859375
0 0.6962890625 0.177734375 0.0546875 0.076171875
0 0.5908203125 0.212890625 0.052734375 0.076171875
0 0.26953125 0.359375 0.05859375 0.0859375
0 0.626953125 0.1650390625 0.05078125 0.072265625
0 0.6875 0.2421875 0.060546875 0.083984375