0 0.609375 0.8076171875 0.107421875 0.1904296875
0 0.4375 0.4033203125 0.0859375 0.1513671875
0 0.4501953125 0.201171875 0.072265625 0.1259765625
0 0.4716796875 0.87890625 0.1123046875 0.203125
0 0.3359375 0.494140625 0.09375 0.1650390625
0 0.23046875 0.330078125 0.087890625 0.1513671875
0 0.412109375 0.5458984375 0.095703125 0.1640625
0 0.533203125 0.34765625 0.080078125 0.1455078125
0 0.2275390625 0.19140625 0.07421875 0.1318359375
0 0.6806640625 0.63671875 0.095703125 0.1708984375
0 0.3525390625 0.0439453125 0.064453125 0.087890625