0 0.2587890625 0.18359375 0.052734375 0.08984375
0 0.384765625 0.203125 0.052734375 0.0947265625
0 0.1533203125 0.220703125 0.0546875 0.091796875
0 0.4384765625 0.0859375 0.0458984375 0.0830078125
0 0.49609375 0.0498046875 0.044921875 0.078125
0 0.4453125 0.185546875 0.0498046875 0.0927734375
0 0.1923828125 0.1328125 0.048828125 0.0849609375
0 0.3984375 0.037109375 0.04296875 0.07421875
0 0.583984375 0.0947265625 0.046875 0.0849609375
0 0.61328125 0.0283203125 0.041015625 0.056640625
0 0.46875 0.0166015625 0.037109375 0.033203125
0 0.5498046875 0.015625 0.0390625 0.0302734375