0 0.3173828125 0.4765625 0.048828125 0.087890625
0 0.80078125 0.353515625 0.04296875 0.072265625
0 0.6376953125 0.4248046875 0.046875 0.07421875
0 0.630859375 0.494140625 0.056640625 0.09765625
0 0.607421875 0.39453125 0.04296875 0.07421875
0 0.3935546875 0.447265625 0.048828125 0.080078125
0 0.7900390625 0.4384765625 0.0546875 0.08984375
0 0.4462890625 0.484375 0.052734375 0.08984375
0 0.703125 0.40625 0.046875 0.080078125
0 0.56640625 0.5029296875 0.056640625 0.09375
0 0.830078125 0.390625 0.048828125 0.080078125
0 0.7646484375 0.37109375 0.046875 0.07421875