0 0.2568359375 0.6416015625 0.130859375 0.193359375
0 0.1142578125 0.5146484375 0.126953125 0.1796875
0 0.345703125 0.515625 0.119140625 0.171875
0 0.4306640625 0.4345703125 0.109375 0.1640625
0 0.3154296875 0.3193359375 0.09765625 0.138671875
0 0.3505859375 0.6669921875 0.1328125 0.193359375
0 0.6435546875 0.6640625 0.1328125 0.197265625
0 0.1796875 0.1875 0.087890625 0.134765625
0 0.0810546875 0.3798828125 0.103515625 0.1484375
0 0.4794921875 0.931640625 0.142578125 0.13671875
0 0.61328125 0.8623046875 0.1484375 0.220703125