0 0.6123046875 0.298828125 0.041015625 0.0751953125
0 0.572265625 0.2529296875 0.037109375 0.06640625
0 0.353515625 0.3671875 0.048828125 0.0849609375
0 0.6650390625 0.2763671875 0.041015625 0.072265625
0 0.73828125 0.2177734375 0.037109375 0.06640625
0 0.5693359375 0.3876953125 0.0478515625 0.0859375
0 0.6328125 0.2294921875 0.0390625 0.06640625
0 0.3828125 0.2998046875 0.044921875 0.078125
0 0.44921875 0.3525390625 0.046875 0.0830078125
0 0.775390625 0.2705078125 0.041015625 0.068359375
0 0.7529296875 0.328125 0.044921875 0.078125
0 0.3203125 0.3330078125 0.041015625 0.076171875
0 0.6259765625 0.3837890625 0.046875 0.0849609375
0 0.7119140625 0.2392578125 0.037109375 0.06640625