0 0.5361328125 0.4716796875 0.0517578125 0.0927734375
0 0.61328125 0.3310546875 0.037109375 0.068359375
0 0.5869140625 0.388671875 0.04296875 0.072265625
0 0.5478515625 0.36328125 0.0380859375 0.068359375
0 0.64453125 0.361328125 0.04296875 0.0732421875
0 0.72265625 0.2998046875 0.0380859375 0.06640625
0 0.279296875 0.4775390625 0.0419921875 0.08203125
0 0.595703125 0.4560546875 0.048828125 0.087890625
0 0.693359375 0.3232421875 0.0380859375 0.068359375
0 0.759765625 0.3349609375 0.041015625 0.072265625
0 0.412109375 0.4677734375 0.046875 0.0830078125
0 0.349609375 0.4384765625 0.0419921875 0.0751953125
0 0.7333984375 0.3857421875 0.046875 0.0791015625