0 0.5849609375 0.7802734375 0.134765625 0.205078125
0 0.4375 0.8330078125 0.138671875 0.21484375
0 0.4140625 0.498046875 0.12109375 0.185546875
0 0.4560546875 0.361328125 0.109375 0.166015625
0 0.3427734375 0.4375 0.11328125 0.177734375
0 0.5576171875 0.3173828125 0.099609375 0.154296875
0 0.2548828125 0.265625 0.10546875 0.16015625
0 0.490234375 0.162109375 0.087890625 0.134765625
0 0.6748046875 0.6171875 0.119140625 0.185546875
0 0.2646484375 0.1240234375 0.087890625 0.138671875
0 0.4052734375 0.0224609375 0.072265625 0.044921875