0 0.3388671875 0.775390625 0.146484375 0.203125
0 0.1923828125 0.767578125 0.154296875 0.2109375
0 0.2724609375 0.4716796875 0.130859375 0.17578125
0 0.2265625 0.392578125 0.12890625 0.17578125
0 0.46875 0.6669921875 0.12890625 0.1796875
0 0.455078125 0.3662109375 0.109375 0.15234375
0 0.3515625 0.3662109375 0.115234375 0.158203125
0 0.4404296875 0.2099609375 0.09765625 0.13671875
0 0.201171875 0.2119140625 0.12109375 0.16015625
0 0.2705078125 0.1630859375 0.109375 0.150390625
0 0.4248046875 0.0400390625 0.087890625 0.080078125