0 0.5498046875 0.53515625 0.05078125 0.08984375
0 0.611328125 0.5244140625 0.05078125 0.08984375
0 0.431640625 0.5087890625 0.048828125 0.087890625
0 0.5771484375 0.369140625 0.0419921875 0.072265625
0 0.611328125 0.419921875 0.044921875 0.0791015625
0 0.33203125 0.5400390625 0.0498046875 0.0859375
0 0.6728515625 0.3857421875 0.044921875 0.078125
0 0.7578125 0.4365234375 0.048828125 0.0830078125
0 0.759765625 0.2998046875 0.041015625 0.0693359375
0 0.3740234375 0.4541015625 0.044921875 0.078125
0 0.6474609375 0.3310546875 0.0380859375 0.068359375
0 0.728515625 0.330078125 0.0419921875 0.072265625
0 0.79296875 0.359375 0.0439453125 0.0732421875
0 0.5556640625 0.4169921875 0.041015625 0.0751953125