0 0.4560546875 0.8955078125 0.12109375 0.201171875
0 0.5986328125 0.822265625 0.1171875 0.19921875
0 0.4267578125 0.41796875 0.09375 0.15625
0 0.4423828125 0.2177734375 0.078125 0.12890625
0 0.3212890625 0.509765625 0.1015625 0.171875
0 0.3994140625 0.5625 0.107421875 0.177734375
0 0.2158203125 0.349609375 0.09375 0.15625
0 0.671875 0.6494140625 0.103515625 0.173828125
0 0.5244140625 0.365234375 0.087890625 0.150390625
0 0.21484375 0.2080078125 0.080078125 0.13671875
0 0.3447265625 0.0537109375 0.068359375 0.107421875