0 0.5751953125 0.302734375 0.0419921875 0.072265625
0 0.58984375 0.400390625 0.048828125 0.0859375
0 0.64453125 0.3955078125 0.0478515625 0.0859375
0 0.6298828125 0.3134765625 0.041015625 0.0732421875
0 0.33984375 0.3427734375 0.0458984375 0.0791015625
0 0.650390625 0.2451171875 0.037109375 0.0625
0 0.373046875 0.37890625 0.048828125 0.087890625
0 0.4677734375 0.3642578125 0.0439453125 0.0791015625
0 0.68359375 0.2919921875 0.0400390625 0.0712890625
0 0.728515625 0.2548828125 0.0400390625 0.068359375
0 0.79296875 0.2861328125 0.041015625 0.0693359375
0 0.771484375 0.3427734375 0.044921875 0.078125
0 0.40234375 0.3125 0.041015625 0.0751953125