0 0.384765625 0.765625 0.123046875 0.19140625
0 0.5205078125 0.7412109375 0.119140625 0.1875
0 0.3671875 0.4853515625 0.10546875 0.162109375
0 0.4091796875 0.369140625 0.095703125 0.146484375
0 0.50390625 0.3388671875 0.08984375 0.142578125
0 0.228515625 0.2724609375 0.091796875 0.138671875
0 0.302734375 0.423828125 0.099609375 0.158203125
0 0.4423828125 0.203125 0.080078125 0.12890625
0 0.27734375 0.2099609375 0.083984375 0.134765625
0 0.6103515625 0.61328125 0.109375 0.16796875
0 0.3740234375 0.0517578125 0.068359375 0.0859375