0 0.478515625 0.4111328125 0.041015625 0.06640625
0 0.474609375 0.580078125 0.048828125 0.0859375
0 0.2578125 0.576171875 0.05078125 0.0859375
0 0.517578125 0.46484375 0.041015625 0.0732421875
0 0.53125 0.5712890625 0.0458984375 0.0849609375
0 0.6142578125 0.3828125 0.0380859375 0.068359375
0 0.5390625 0.376953125 0.0361328125 0.0625
0 0.2265625 0.53515625 0.0458984375 0.0830078125
0 0.35546875 0.548828125 0.0498046875 0.0859375
0 0.67578125 0.416015625 0.041015625 0.068359375
0 0.640625 0.3544921875 0.0361328125 0.0625
0 0.2900390625 0.4892578125 0.0419921875 0.0732421875
0 0.5693359375 0.4345703125 0.037109375 0.0693359375
0 0.654296875 0.4912109375 0.0439453125 0.076171875