0 0.5361328125 0.4873046875 0.05859375 0.09375
0 0.5244140625 0.3095703125 0.048828125 0.072265625
0 0.416015625 0.4697265625 0.056640625 0.087890625
0 0.3232421875 0.509765625 0.05859375 0.08984375
0 0.5703125 0.359375 0.05078125 0.080078125
0 0.583984375 0.263671875 0.044921875 0.068359375
0 0.6865234375 0.22265625 0.044921875 0.068359375
0 0.5927734375 0.46875 0.056640625 0.091796875
0 0.662109375 0.2568359375 0.048828125 0.072265625
0 0.2880859375 0.4736328125 0.052734375 0.080078125
0 0.7294921875 0.2841796875 0.048828125 0.072265625
0 0.619140625 0.3193359375 0.048828125 0.076171875
0 0.345703125 0.416015625 0.052734375 0.080078125
0 0.7119140625 0.3671875 0.052734375 0.080078125