0 0.66015625 0.3916015625 0.05078125 0.076171875
0 0.626953125 0.365234375 0.04296875 0.07421875
0 0.474609375 0.4677734375 0.0546875 0.091796875
0 0.724609375 0.3681640625 0.05078125 0.08203125
0 0.5966796875 0.4755859375 0.05859375 0.09765625
0 0.818359375 0.3056640625 0.044921875 0.072265625
0 0.783203125 0.328125 0.044921875 0.07421875
0 0.3720703125 0.494140625 0.052734375 0.09375
0 0.66015625 0.4638671875 0.056640625 0.09765625
0 0.8525390625 0.3408203125 0.05078125 0.080078125
0 0.41796875 0.435546875 0.05078125 0.08203125
0 0.81640625 0.39453125 0.0546875 0.087890625
0 0.697265625 0.3271484375 0.041015625 0.05859375