0 0.5244140625 0.5322265625 0.076171875 0.107421875
0 0.6103515625 0.46484375 0.0625 0.083984375
0 0.583984375 0.4345703125 0.0546875 0.08203125
0 0.6767578125 0.4609375 0.060546875 0.087890625
0 0.58984375 0.53515625 0.072265625 0.10546875
0 0.3037109375 0.4912109375 0.0703125 0.1015625
0 0.365234375 0.4453125 0.060546875 0.0859375
0 0.41015625 0.4921875 0.06640625 0.09375
0 0.8017578125 0.4677734375 0.060546875 0.083984375
0 0.78125 0.4248046875 0.0546875 0.076171875
0 0.755859375 0.5068359375 0.068359375 0.09375
0 0.7421875 0.4365234375 0.056640625 0.078125