0 0.611328125 0.4423828125 0.0478515625 0.087890625
0 0.4912109375 0.400390625 0.0458984375 0.0830078125
0 0.36328125 0.37109375 0.0419921875 0.076171875
0 0.673828125 0.2939453125 0.037109375 0.0625
0 0.6123046875 0.3115234375 0.0361328125 0.0634765625
0 0.3955078125 0.4072265625 0.0478515625 0.0849609375
0 0.66796875 0.4423828125 0.0478515625 0.0849609375
0 0.7060546875 0.3427734375 0.0400390625 0.0712890625
0 0.794921875 0.3974609375 0.046875 0.080078125
0 0.779296875 0.2900390625 0.0361328125 0.0634765625
0 0.6533203125 0.359375 0.0400390625 0.072265625
0 0.81640625 0.34375 0.041015625 0.068359375
0 0.42578125 0.3447265625 0.041015625 0.0732421875