0 0.447265625 0.4482421875 0.0546875 0.09375
0 0.326171875 0.427734375 0.05078125 0.0859375
0 0.4501953125 0.373046875 0.044921875 0.076171875
0 0.564453125 0.361328125 0.044921875 0.07421875
0 0.2216796875 0.4423828125 0.052734375 0.08984375
0 0.505859375 0.375 0.044921875 0.0703125
0 0.5380859375 0.328125 0.041015625 0.068359375
0 0.5078125 0.4423828125 0.05078125 0.08984375
0 0.265625 0.3896484375 0.044921875 0.076171875
0 0.6787109375 0.3525390625 0.04296875 0.0703125
0 0.6474609375 0.31640625 0.037109375 0.064453125
0 0.6162109375 0.3330078125 0.0390625 0.068359375
0 0.6484375 0.3984375 0.046875 0.080078125