0 0.4228515625 0.359375 0.048828125 0.078125
0 0.4150390625 0.4638671875 0.06640625 0.099609375
0 0.4619140625 0.380859375 0.0546875 0.076171875
0 0.1904296875 0.4951171875 0.064453125 0.095703125
0 0.486328125 0.328125 0.046875 0.072265625
0 0.474609375 0.447265625 0.06640625 0.099609375
0 0.60546875 0.37890625 0.05859375 0.087890625
0 0.5166015625 0.357421875 0.052734375 0.078125
0 0.2255859375 0.435546875 0.056640625 0.08203125
0 0.5927734375 0.2978515625 0.044921875 0.068359375
0 0.564453125 0.3193359375 0.048828125 0.07421875
0 0.29296875 0.4638671875 0.060546875 0.091796875
0 0.6279296875 0.330078125 0.05078125 0.076171875