0 0.509765625 0.4482421875 0.056640625 0.095703125
0 0.5361328125 0.3427734375 0.04296875 0.07421875
0 0.60546875 0.31640625 0.04296875 0.0703125
0 0.5712890625 0.3701171875 0.048828125 0.07421875
0 0.572265625 0.439453125 0.0546875 0.09375
0 0.71875 0.2939453125 0.04296875 0.0703125
0 0.388671875 0.4375 0.0546875 0.08984375
0 0.751953125 0.3291015625 0.046875 0.07421875
0 0.287109375 0.4599609375 0.0546875 0.091796875
0 0.33203125 0.404296875 0.048828125 0.078125
0 0.6865234375 0.314453125 0.044921875 0.076171875
0 0.7197265625 0.37890625 0.052734375 0.083984375