0 0.22265625 0.4208984375 0.0703125 0.107421875
0 0.1083984375 0.5185546875 0.087890625 0.11328125
0 0.34765625 0.5341796875 0.09765625 0.15625
0 0.115234375 0.646484375 0.10546875 0.1796875
0 0.359375 0.7607421875 0.142578125 0.23046875
0 0.2880859375 0.482421875 0.080078125 0.1328125
0 0.2451171875 0.5791015625 0.1015625 0.16796875
0 0.4609375 0.642578125 0.1171875 0.17578125
0 0.19140625 0.8310546875 0.154296875 0.244140625
0 0.048828125 0.583984375 0.09765625 0.1640625
0 0.236328125 0.482421875 0.0703125 0.0546875