0 0.349609375 0.7490234375 0.1015625 0.18359375
0 0.48828125 0.7421875 0.099609375 0.1787109375
0 0.42578125 0.3544921875 0.080078125 0.1416015625
0 0.59375 0.6259765625 0.091796875 0.1650390625
0 0.3701171875 0.4658203125 0.0859375 0.1513671875
0 0.3134765625 0.3955078125 0.080078125 0.1474609375
0 0.5234375 0.3369140625 0.0751953125 0.134765625
0 0.259765625 0.2333984375 0.076171875 0.1337890625
0 0.48046875 0.193359375 0.06640625 0.1240234375
0 0.314453125 0.17578125 0.0703125 0.1318359375
0 0.431640625 0.037109375 0.0576171875 0.0732421875