0 0.6025390625 0.875 0.11328125 0.1953125
0 0.4697265625 0.259765625 0.076171875 0.126953125
0 0.4482421875 0.4580078125 0.09375 0.154296875
0 0.248046875 0.3740234375 0.091796875 0.150390625
0 0.5439453125 0.412109375 0.083984375 0.14453125
0 0.4169921875 0.6025390625 0.099609375 0.16796875
0 0.6787109375 0.7080078125 0.1015625 0.171875
0 0.25 0.2353515625 0.076171875 0.130859375
0 0.34375 0.54296875 0.09375 0.162109375
0 0.4619140625 0.916015625 0.1171875 0.166015625
0 0.3798828125 0.080078125 0.068359375 0.12109375