0 0.646484375 0.24609375 0.046875 0.0693359375
0 0.587890625 0.255859375 0.044921875 0.0732421875
0 0.6494140625 0.3115234375 0.0517578125 0.0927734375
0 0.6787109375 0.193359375 0.0380859375 0.0693359375
0 0.5869140625 0.3330078125 0.05078125 0.08984375
0 0.333984375 0.3544921875 0.04296875 0.0849609375
0 0.794921875 0.15234375 0.0390625 0.0693359375
0 0.4638671875 0.337890625 0.048828125 0.0888671875
0 0.76171875 0.1767578125 0.0419921875 0.0751953125
0 0.8310546875 0.1806640625 0.044921875 0.078125
0 0.404296875 0.31640625 0.0439453125 0.076171875
0 0.7998046875 0.234375 0.048828125 0.0849609375