0 0.548828125 0.486328125 0.0703125 0.103515625
0 0.5908203125 0.3515625 0.0625 0.08984375
0 0.607421875 0.458984375 0.068359375 0.1015625
0 0.4267578125 0.482421875 0.06640625 0.095703125
0 0.5478515625 0.306640625 0.0546875 0.078125
0 0.333984375 0.5341796875 0.06640625 0.09765625
0 0.6455078125 0.3037109375 0.060546875 0.0859375
0 0.7197265625 0.193359375 0.0546875 0.078125
0 0.53515625 0.3583984375 0.060546875 0.087890625
0 0.611328125 0.251953125 0.052734375 0.076171875
0 0.3642578125 0.4384765625 0.05859375 0.0859375
0 0.693359375 0.234375 0.05859375 0.083984375
0 0.76171875 0.2490234375 0.060546875 0.08203125
0 0.740234375 0.337890625 0.064453125 0.091796875