0 0.453125 0.8251953125 0.111328125 0.1953125
0 0.4130859375 0.49609375 0.095703125 0.1640625
0 0.58984375 0.779296875 0.107421875 0.185546875
0 0.470703125 0.1630859375 0.07421875 0.126953125
0 0.54296875 0.3193359375 0.080078125 0.142578125
0 0.3427734375 0.4345703125 0.091796875 0.162109375
0 0.447265625 0.3623046875 0.0859375 0.146484375
0 0.25 0.2607421875 0.0859375 0.146484375
0 0.6640625 0.6240234375 0.09375 0.166015625
0 0.25390625 0.1220703125 0.07421875 0.1328125
0 0.3857421875 0.0166015625 0.060546875 0.033203125