0 0.443359375 0.533203125 0.052734375 0.091796875
0 0.21875 0.5400390625 0.052734375 0.091796875
0 0.65625 0.421875 0.048828125 0.0859375
0 0.5517578125 0.3017578125 0.041015625 0.0712890625
0 0.5107421875 0.4013671875 0.044921875 0.080078125
0 0.5048828125 0.5205078125 0.05078125 0.0927734375
0 0.455078125 0.396484375 0.044921875 0.08203125
0 0.6328125 0.302734375 0.0439453125 0.0751953125
0 0.4794921875 0.3447265625 0.0439453125 0.0751953125
0 0.6669921875 0.2685546875 0.0400390625 0.068359375
0 0.6953125 0.333984375 0.044921875 0.076171875
0 0.57421875 0.3642578125 0.04296875 0.076171875
0 0.267578125 0.443359375 0.048828125 0.080078125
0 0.32421875 0.505859375 0.048828125 0.0849609375