0 0.5576171875 0.8798828125 0.1142578125 0.201171875
0 0.1279296875 0.455078125 0.09765625 0.162109375
0 0.451171875 0.4287109375 0.083984375 0.150390625
0 0.353515625 0.4951171875 0.09375 0.1572265625
0 0.357421875 0.296875 0.076171875 0.1279296875
0 0.2470703125 0.6044921875 0.09765625 0.171875
0 0.33203125 0.6455078125 0.1025390625 0.1767578125
0 0.619140625 0.693359375 0.103515625 0.1806640625
0 0.119140625 0.3154296875 0.080078125 0.1357421875
0 0.248046875 0.142578125 0.068359375 0.1220703125
0 0.412109375 0.9345703125 0.123046875 0.1279296875