0 0.359375 0.8017578125 0.1328125 0.19921875
0 0.263671875 0.50390625 0.119140625 0.171875
0 0.4775390625 0.6806640625 0.119140625 0.177734375
0 0.2099609375 0.427734375 0.1171875 0.169921875
0 0.4365234375 0.3779296875 0.099609375 0.1484375
0 0.3330078125 0.3896484375 0.10546875 0.15625
0 0.4072265625 0.2236328125 0.087890625 0.134765625
0 0.212890625 0.8076171875 0.138671875 0.205078125
0 0.1689453125 0.2509765625 0.111328125 0.158203125
0 0.3740234375 0.0478515625 0.080078125 0.095703125
0 0.2099609375 0.1279296875 0.09375 0.1328125