0 0.4306640625 0.451171875 0.072265625 0.1015625
0 0.568359375 0.388671875 0.05859375 0.080078125
0 0.31640625 0.4091796875 0.0703125 0.09765625
0 0.4814453125 0.3564453125 0.052734375 0.078125
0 0.5078125 0.3916015625 0.05859375 0.076171875
0 0.6845703125 0.4033203125 0.056640625 0.080078125
0 0.494140625 0.45703125 0.0703125 0.099609375
0 0.6630859375 0.359375 0.05078125 0.072265625
0 0.2099609375 0.404296875 0.072265625 0.099609375
0 0.265625 0.3603515625 0.060546875 0.083984375
0 0.6279296875 0.3701171875 0.052734375 0.076171875
0 0.6435546875 0.4384765625 0.064453125 0.091796875