0 0.58203125 0.81640625 0.123046875 0.19921875
0 0.4462890625 0.3984375 0.099609375 0.158203125
0 0.4765625 0.1982421875 0.08203125 0.130859375
0 0.4384765625 0.875 0.12890625 0.212890625
0 0.3369140625 0.4794921875 0.107421875 0.171875
0 0.24609375 0.3076171875 0.1015625 0.158203125
0 0.408203125 0.5380859375 0.109375 0.171875
0 0.5458984375 0.3515625 0.091796875 0.15234375
0 0.255859375 0.1689453125 0.0859375 0.138671875
0 0.66796875 0.65234375 0.109375 0.177734375
0 0.3916015625 0.0400390625 0.072265625 0.080078125