0 0.716796875 0.287109375 0.0439453125 0.0751953125
0 0.6083984375 0.40234375 0.0498046875 0.08984375
0 0.66015625 0.30859375 0.044921875 0.0791015625
0 0.603515625 0.294921875 0.04296875 0.076171875
0 0.66796875 0.400390625 0.048828125 0.08984375
0 0.3583984375 0.33203125 0.046875 0.0830078125
0 0.486328125 0.3583984375 0.046875 0.0859375
0 0.798828125 0.2255859375 0.0390625 0.068359375
0 0.6875 0.236328125 0.0380859375 0.06640625
0 0.767578125 0.248046875 0.0419921875 0.0712890625
0 0.8349609375 0.28515625 0.04296875 0.072265625
0 0.806640625 0.3486328125 0.046875 0.080078125
0 0.423828125 0.30078125 0.0439453125 0.076171875