0 0.4365234375 0.3447265625 0.0390625 0.0712890625
0 0.470703125 0.373046875 0.044921875 0.068359375
0 0.41015625 0.447265625 0.0517578125 0.091796875
0 0.50390625 0.32421875 0.0380859375 0.068359375
0 0.181640625 0.4462890625 0.052734375 0.08984375
0 0.2275390625 0.392578125 0.044921875 0.076171875
0 0.287109375 0.4287109375 0.0517578125 0.0888671875
0 0.61328125 0.30859375 0.037109375 0.068359375
0 0.4716796875 0.44140625 0.0498046875 0.08984375
0 0.642578125 0.345703125 0.0419921875 0.072265625
0 0.61328125 0.388671875 0.046875 0.080078125
0 0.58203125 0.3271484375 0.0390625 0.0712890625