0 0.48828125 0.294921875 0.046875 0.076171875
0 0.4814453125 0.4609375 0.05859375 0.095703125
0 0.359375 0.4521484375 0.056640625 0.091796875
0 0.2626953125 0.49609375 0.05859375 0.091796875
0 0.529296875 0.3388671875 0.048828125 0.08203125
0 0.697265625 0.2578125 0.048828125 0.078125
0 0.5537109375 0.2490234375 0.044921875 0.072265625
0 0.66015625 0.205078125 0.04296875 0.072265625
0 0.2958984375 0.404296875 0.05078125 0.08203125
0 0.5390625 0.4404296875 0.0546875 0.091796875
0 0.6328125 0.2392578125 0.044921875 0.072265625
0 0.583984375 0.298828125 0.046875 0.076171875
0 0.673828125 0.3359375 0.05078125 0.083984375