0 0.603515625 0.7802734375 0.1044921875 0.18359375
0 0.466796875 0.8310546875 0.107421875 0.193359375
0 0.453125 0.3681640625 0.083984375 0.1474609375
0 0.47265625 0.1689453125 0.0693359375 0.1259765625
0 0.4228515625 0.5048828125 0.091796875 0.16015625
0 0.3505859375 0.443359375 0.091796875 0.1611328125
0 0.2548828125 0.2705078125 0.0830078125 0.14453125
0 0.5478515625 0.32421875 0.078125 0.140625
0 0.6787109375 0.62109375 0.0927734375 0.1650390625
0 0.2568359375 0.130859375 0.072265625 0.130859375
0 0.3857421875 0.0205078125 0.060546875 0.0400390625