0 0.45703125 0.482421875 0.0625 0.095703125
0 0.5185546875 0.48046875 0.0625 0.095703125
0 0.51171875 0.294921875 0.052734375 0.078125
0 0.599609375 0.3349609375 0.052734375 0.078125
0 0.345703125 0.4248046875 0.064453125 0.095703125
0 0.2412109375 0.4384765625 0.064453125 0.095703125
0 0.6630859375 0.28515625 0.05078125 0.078125
0 0.71875 0.3330078125 0.052734375 0.078125
0 0.5859375 0.26953125 0.046875 0.072265625
0 0.69921875 0.2587890625 0.046875 0.072265625
0 0.5361328125 0.361328125 0.052734375 0.08203125
0 0.2978515625 0.349609375 0.0546875 0.08203125
0 0.4833984375 0.3447265625 0.052734375 0.08203125
0 0.671875 0.412109375 0.056640625 0.087890625