0 0.369140625 0.517578125 0.150390625 0.205078125
0 0.3564453125 0.37890625 0.130859375 0.173828125
0 0.2724609375 0.5068359375 0.140625 0.201171875
0 0.3115234375 0.2041015625 0.107421875 0.140625
0 0.4365234375 0.29296875 0.123046875 0.173828125
0 0.123046875 0.4130859375 0.1328125 0.1796875
0 0.6728515625 0.47265625 0.15234375 0.208984375
0 0.078125 0.287109375 0.109375 0.150390625
0 0.171875 0.1201171875 0.09375 0.1171875
0 0.654296875 0.66015625 0.171875 0.236328125
0 0.5302734375 0.7919921875 0.17578125 0.248046875