0 0.5693359375 0.388671875 0.056640625 0.080078125
0 0.5732421875 0.4931640625 0.072265625 0.103515625
0 0.2724609375 0.41015625 0.064453125 0.091796875
0 0.595703125 0.4248046875 0.0625 0.083984375
0 0.396484375 0.443359375 0.0703125 0.09765625
0 0.66015625 0.419921875 0.05859375 0.08203125
0 0.3515625 0.39453125 0.064453125 0.087890625
0 0.7373046875 0.4697265625 0.068359375 0.095703125
0 0.783203125 0.4306640625 0.05859375 0.080078125
0 0.509765625 0.4873046875 0.0703125 0.099609375
0 0.7626953125 0.3876953125 0.0546875 0.076171875
0 0.724609375 0.400390625 0.0546875 0.078125