0 0.541015625 0.4951171875 0.076171875 0.10546875
0 0.60546875 0.5078125 0.07421875 0.10546875
0 0.6083984375 0.4033203125 0.0546875 0.080078125
0 0.4326171875 0.439453125 0.0703125 0.09765625
0 0.3271484375 0.42578125 0.0703125 0.099609375
0 0.630859375 0.443359375 0.0625 0.083984375
0 0.697265625 0.4423828125 0.060546875 0.083984375
0 0.771484375 0.501953125 0.0703125 0.095703125
0 0.3916015625 0.388671875 0.060546875 0.083984375
0 0.8046875 0.4189453125 0.056640625 0.076171875
0 0.82421875 0.46484375 0.0625 0.083984375
0 0.765625 0.427734375 0.05859375 0.080078125