0 0.4365234375 0.3427734375 0.0380859375 0.0693359375
0 0.41796875 0.443359375 0.052734375 0.08984375
0 0.52734375 0.3486328125 0.041015625 0.0693359375
0 0.470703125 0.3681640625 0.0439453125 0.0693359375
0 0.5 0.3173828125 0.037109375 0.0654296875
0 0.1943359375 0.4609375 0.05078125 0.0888671875
0 0.4765625 0.4326171875 0.048828125 0.087890625
0 0.296875 0.4365234375 0.05078125 0.087890625
0 0.234375 0.4072265625 0.044921875 0.0751953125
0 0.60546875 0.294921875 0.03515625 0.0625
0 0.638671875 0.328125 0.0400390625 0.0693359375
0 0.5771484375 0.3125 0.0380859375 0.06640625
0 0.611328125 0.375 0.044921875 0.078125