0 0.4462890625 0.3369140625 0.0390625 0.0703125
0 0.4267578125 0.4384765625 0.052734375 0.08984375
0 0.4814453125 0.361328125 0.04296875 0.068359375
0 0.619140625 0.291015625 0.0390625 0.06640625
0 0.205078125 0.4501953125 0.052734375 0.08984375
0 0.2451171875 0.39453125 0.046875 0.080078125
0 0.6220703125 0.37109375 0.046875 0.080078125
0 0.5390625 0.34375 0.04296875 0.072265625
0 0.5107421875 0.3115234375 0.037109375 0.06640625
0 0.4873046875 0.4267578125 0.05078125 0.087890625
0 0.650390625 0.3251953125 0.041015625 0.0703125
0 0.306640625 0.4287109375 0.048828125 0.083984375
0 0.587890625 0.310546875 0.037109375 0.06640625