0 0.4921875 0.294921875 0.044921875 0.076171875
0 0.482421875 0.4609375 0.056640625 0.09375
0 0.3603515625 0.44921875 0.0546875 0.08984375
0 0.2626953125 0.4921875 0.056640625 0.091796875
0 0.53125 0.3388671875 0.048828125 0.08203125
0 0.7021484375 0.26171875 0.046875 0.078125
0 0.55859375 0.25 0.04296875 0.072265625
0 0.666015625 0.2080078125 0.04296875 0.0703125
0 0.296875 0.4013671875 0.048828125 0.08203125
0 0.5400390625 0.44140625 0.052734375 0.091796875
0 0.63671875 0.2412109375 0.04296875 0.072265625
0 0.5869140625 0.2998046875 0.044921875 0.076171875
0 0.6767578125 0.3388671875 0.05078125 0.08203125