0 0.7109375 0.3388671875 0.05859375 0.076171875
0 0.677734375 0.3115234375 0.052734375 0.078125
0 0.638671875 0.40234375 0.0703125 0.1015625
0 0.7021484375 0.404296875 0.0703125 0.1015625
0 0.8330078125 0.3134765625 0.0546875 0.078125
0 0.75 0.3017578125 0.0546875 0.078125
0 0.51953125 0.3671875 0.06640625 0.09375
0 0.7724609375 0.3359375 0.05859375 0.08203125
0 0.869140625 0.3017578125 0.05078125 0.07421875
0 0.390625 0.3427734375 0.05859375 0.087890625
0 0.8994140625 0.33984375 0.060546875 0.08203125
0 0.46484375 0.3271484375 0.05859375 0.083984375
0 0.8603515625 0.37890625 0.064453125 0.091796875