0 0.5947265625 0.4482421875 0.068359375 0.1015625
0 0.576171875 0.328125 0.052734375 0.076171875
0 0.623046875 0.349609375 0.060546875 0.087890625
0 0.47265625 0.4697265625 0.06640625 0.095703125
0 0.671875 0.3076171875 0.056640625 0.080078125
0 0.650390625 0.419921875 0.068359375 0.09765625
0 0.734375 0.22265625 0.0546875 0.076171875
0 0.3828125 0.5234375 0.068359375 0.09765625
0 0.6328125 0.2802734375 0.05078125 0.072265625
0 0.7109375 0.25390625 0.052734375 0.076171875
0 0.78125 0.2529296875 0.056640625 0.080078125
0 0.7685546875 0.314453125 0.0625 0.087890625
0 0.40234375 0.451171875 0.060546875 0.0859375