0 0.5966796875 0.4208984375 0.0546875 0.080078125
0 0.59765625 0.4921875 0.060546875 0.099609375
0 0.5615234375 0.3955078125 0.044921875 0.076171875
0 0.2841796875 0.5146484375 0.052734375 0.087890625
0 0.630859375 0.36328125 0.046875 0.076171875
0 0.78125 0.3623046875 0.05078125 0.078125
0 0.7470703125 0.330078125 0.046875 0.07421875
0 0.71484375 0.3515625 0.048828125 0.07421875
0 0.5361328125 0.5078125 0.05859375 0.095703125
0 0.4140625 0.5068359375 0.0546875 0.08984375
0 0.3564453125 0.4755859375 0.052734375 0.083984375
0 0.748046875 0.4169921875 0.056640625 0.087890625