0 0.2919921875 0.4462890625 0.0498046875 0.0859375
0 0.4677734375 0.3759765625 0.04296875 0.06640625
0 0.4306640625 0.3515625 0.037109375 0.0693359375
0 0.4140625 0.453125 0.0517578125 0.08984375
0 0.189453125 0.4716796875 0.05078125 0.087890625
0 0.49609375 0.326171875 0.037109375 0.0654296875
0 0.6025390625 0.3037109375 0.037109375 0.0654296875
0 0.23046875 0.416015625 0.044921875 0.0732421875
0 0.4736328125 0.44140625 0.048828125 0.0888671875
0 0.5234375 0.357421875 0.0400390625 0.0712890625
0 0.6357421875 0.3349609375 0.041015625 0.0712890625
0 0.5732421875 0.3232421875 0.037109375 0.0654296875
0 0.607421875 0.3828125 0.044921875 0.0791015625