0 0.60546875 0.3564453125 0.052734375 0.0927734375
0 0.6953125 0.232421875 0.0400390625 0.072265625
0 0.7255859375 0.2607421875 0.044921875 0.076171875
0 0.6640625 0.2802734375 0.044921875 0.068359375
0 0.626953125 0.2587890625 0.037109375 0.072265625
0 0.66796875 0.345703125 0.05078125 0.0888671875
0 0.8134765625 0.2080078125 0.0400390625 0.0693359375
0 0.482421875 0.34765625 0.0498046875 0.0888671875
0 0.7802734375 0.2275390625 0.041015625 0.0712890625
0 0.3515625 0.3505859375 0.04296875 0.0849609375
0 0.849609375 0.2392578125 0.046875 0.078125
0 0.818359375 0.28515625 0.0498046875 0.0849609375
0 0.421875 0.3203125 0.0439453125 0.076171875