0 0.5439453125 0.54296875 0.064453125 0.09765625
0 0.6064453125 0.5419921875 0.064453125 0.09765625
0 0.4306640625 0.498046875 0.0625 0.09375
0 0.5966796875 0.3828125 0.052734375 0.078125
0 0.6220703125 0.4384765625 0.056640625 0.0859375
0 0.328125 0.513671875 0.0625 0.091796875
0 0.6884765625 0.4140625 0.056640625 0.083984375
0 0.7646484375 0.4775390625 0.060546875 0.08984375
0 0.7880859375 0.3427734375 0.05078125 0.07421875
0 0.3828125 0.4345703125 0.056640625 0.083984375
0 0.671875 0.3564453125 0.048828125 0.07421875
0 0.751953125 0.3681640625 0.052734375 0.078125
0 0.8115234375 0.4072265625 0.0546875 0.080078125
0 0.568359375 0.4267578125 0.052734375 0.080078125