0 0.5341796875 0.4765625 0.076171875 0.10546875
0 0.5966796875 0.4580078125 0.07421875 0.10546875
0 0.55078125 0.36328125 0.0546875 0.080078125
0 0.412109375 0.478515625 0.0703125 0.09765625
0 0.3125 0.515625 0.0703125 0.099609375
0 0.5888671875 0.388671875 0.0625 0.083984375
0 0.6474609375 0.3564453125 0.060546875 0.083984375
0 0.740234375 0.375 0.0703125 0.095703125
0 0.3525390625 0.4521484375 0.060546875 0.083984375
0 0.7314453125 0.28515625 0.056640625 0.076171875
0 0.76953125 0.3173828125 0.0625 0.083984375
0 0.7001953125 0.3115234375 0.05859375 0.080078125