0 0.48046875 0.7099609375 0.1328125 0.2109375
0 0.2841796875 0.400390625 0.056640625 0.060546875
0 0.2509765625 0.47265625 0.087890625 0.140625
0 0.3154296875 0.4384765625 0.07421875 0.1015625
0 0.4326171875 0.3896484375 0.06640625 0.09375
0 0.294921875 0.541015625 0.09375 0.158203125
0 0.5205078125 0.521484375 0.09375 0.146484375
0 0.478515625 0.4619140625 0.07421875 0.125
0 0.357421875 0.5673828125 0.103515625 0.150390625
0 0.4208984375 0.5283203125 0.09765625 0.15234375
0 0.5966796875 0.646484375 0.11328125 0.158203125
0 0.4326171875 0.4697265625 0.083984375 0.099609375
0 0.3203125 0.7109375 0.1328125 0.2109375