0 0.47265625 0.3720703125 0.0458984375 0.0830078125
0 0.5927734375 0.41015625 0.048828125 0.0859375
0 0.59375 0.2763671875 0.0390625 0.06640625
0 0.650390625 0.4072265625 0.046875 0.0849609375
0 0.654296875 0.2568359375 0.03515625 0.0634765625
0 0.3447265625 0.349609375 0.0419921875 0.078125
0 0.634765625 0.3232421875 0.041015625 0.0732421875
0 0.759765625 0.2470703125 0.0361328125 0.0634765625
0 0.376953125 0.3837890625 0.046875 0.0830078125
0 0.6884765625 0.3037109375 0.041015625 0.0712890625
0 0.7978515625 0.2998046875 0.041015625 0.0693359375
0 0.4072265625 0.3193359375 0.041015625 0.072265625
0 0.775390625 0.3564453125 0.044921875 0.076171875