0 0.4443359375 0.1103515625 0.044921875 0.07421875
0 0.427734375 0.2587890625 0.056640625 0.09375
0 0.537109375 0.1318359375 0.046875 0.076171875
0 0.201171875 0.2509765625 0.05859375 0.091796875
0 0.6201171875 0.181640625 0.048828125 0.08203125
0 0.3046875 0.228515625 0.0546875 0.0859375
0 0.6494140625 0.1171875 0.046875 0.076171875
0 0.4873046875 0.25 0.052734375 0.087890625
0 0.509765625 0.080078125 0.04296875 0.072265625
0 0.4814453125 0.158203125 0.048828125 0.080078125
0 0.16796875 0.21484375 0.0546875 0.087890625
0 0.5888671875 0.0859375 0.04296875 0.07421875
0 0.240234375 0.17578125 0.052734375 0.08203125
0 0.6162109375 0.0634765625 0.0390625 0.06640625