0 0.6005859375 0.8759765625 0.11328125 0.201171875
0 0.41796875 0.2763671875 0.07421875 0.1279296875
0 0.193359375 0.4169921875 0.091796875 0.154296875
0 0.4111328125 0.4755859375 0.0908203125 0.154296875
0 0.505859375 0.4150390625 0.0859375 0.150390625
0 0.3056640625 0.57421875 0.0947265625 0.1650390625
0 0.3857421875 0.6240234375 0.099609375 0.169921875
0 0.666015625 0.693359375 0.099609375 0.1748046875
0 0.4560546875 0.9267578125 0.115234375 0.14453125
0 0.1875 0.27734375 0.076171875 0.1337890625
0 0.314453125 0.11328125 0.0673828125 0.12109375