0 0.5244140625 0.5400390625 0.05859375 0.095703125
0 0.5791015625 0.41796875 0.05078125 0.083984375
0 0.3046875 0.556640625 0.056640625 0.095703125
0 0.638671875 0.37890625 0.048828125 0.080078125
0 0.5439453125 0.3681640625 0.046875 0.076171875
0 0.4033203125 0.5185546875 0.0546875 0.09375
0 0.7265625 0.4267578125 0.0546875 0.087890625
0 0.5849609375 0.5244140625 0.056640625 0.095703125
0 0.3447265625 0.4677734375 0.05078125 0.083984375
0 0.7216796875 0.2890625 0.04296875 0.0703125
0 0.7578125 0.345703125 0.048828125 0.076171875
0 0.69140625 0.3203125 0.046875 0.076171875
0 0.611328125 0.326171875 0.04296875 0.0703125
0 0.5234375 0.41796875 0.046875 0.078125