0 0.51171875 0.498046875 0.052734375 0.091796875
0 0.568359375 0.3740234375 0.044921875 0.080078125
0 0.6259765625 0.341796875 0.044921875 0.076171875
0 0.296875 0.482421875 0.052734375 0.087890625
0 0.6005859375 0.2783203125 0.041015625 0.0703125
0 0.5341796875 0.314453125 0.04296875 0.072265625
0 0.7099609375 0.255859375 0.0390625 0.068359375
0 0.73828125 0.32421875 0.04296875 0.072265625
0 0.2685546875 0.439453125 0.044921875 0.080078125
0 0.3359375 0.390625 0.046875 0.078125
0 0.6787109375 0.2861328125 0.04296875 0.07421875
0 0.5146484375 0.36328125 0.04296875 0.07421875
0 0.7080078125 0.4072265625 0.046875 0.080078125
0 0.3955078125 0.4580078125 0.046875 0.083984375
0 0.5703125 0.4892578125 0.048828125 0.0859375