0 0.498046875 0.494140625 0.06640625 0.099609375
0 0.572265625 0.3857421875 0.056640625 0.0859375
0 0.6181640625 0.302734375 0.05078125 0.07421875
0 0.3828125 0.453125 0.0625 0.09375
0 0.560546875 0.48828125 0.0625 0.09765625
0 0.7333984375 0.2900390625 0.05078125 0.07421875
0 0.5458984375 0.33203125 0.052734375 0.078125
0 0.7568359375 0.3486328125 0.0546875 0.078125
0 0.279296875 0.470703125 0.064453125 0.095703125
0 0.3330078125 0.392578125 0.056640625 0.0859375
0 0.697265625 0.3125 0.052734375 0.078125
0 0.6376953125 0.359375 0.052734375 0.080078125
0 0.7138671875 0.4208984375 0.060546875 0.091796875