0 0.4560546875 0.74609375 0.140625 0.19921875
0 0.3193359375 0.7177734375 0.14453125 0.201171875
0 0.583984375 0.6572265625 0.12890625 0.18359375
0 0.4033203125 0.4423828125 0.12109375 0.16796875
0 0.365234375 0.361328125 0.1171875 0.1640625
0 0.4814453125 0.34765625 0.111328125 0.15625
0 0.5810546875 0.3564453125 0.107421875 0.15234375
0 0.3486328125 0.1875 0.10546875 0.1484375
0 0.572265625 0.201171875 0.095703125 0.13671875
0 0.4150390625 0.1455078125 0.099609375 0.140625
0 0.560546875 0.0380859375 0.07421875 0.076171875