0 0.3896484375 0.615234375 0.10546875 0.177734375
0 0.6083984375 0.8681640625 0.1171875 0.203125
0 0.4150390625 0.2685546875 0.076171875 0.126953125
0 0.4091796875 0.4697265625 0.091796875 0.154296875
0 0.193359375 0.4111328125 0.091796875 0.15625
0 0.5048828125 0.408203125 0.0859375 0.1484375
0 0.46484375 0.9228515625 0.119140625 0.154296875
0 0.3076171875 0.56640625 0.09375 0.166015625
0 0.669921875 0.6875 0.10546875 0.1796875
0 0.185546875 0.271484375 0.078125 0.134765625
0 0.3095703125 0.10546875 0.068359375 0.12109375