0 0.609375 0.228515625 0.056640625 0.07421875
0 0.552734375 0.24609375 0.0546875 0.078125
0 0.6220703125 0.29296875 0.064453125 0.099609375
0 0.634765625 0.171875 0.046875 0.07421875
0 0.5625 0.322265625 0.0625 0.095703125
0 0.3154296875 0.37890625 0.0546875 0.08984375
0 0.744140625 0.1142578125 0.048828125 0.07421875
0 0.44140625 0.3447265625 0.060546875 0.095703125
0 0.7138671875 0.1435546875 0.052734375 0.080078125
0 0.783203125 0.1376953125 0.0546875 0.083984375
0 0.3798828125 0.3310546875 0.0546875 0.08203125
0 0.759765625 0.1953125 0.060546875 0.091796875