0 0.46484375 0.3515625 0.044921875 0.076171875
0 0.5009765625 0.375 0.05078125 0.072265625
0 0.4501953125 0.4541015625 0.05859375 0.095703125
0 0.1953125 0.4501953125 0.052734375 0.087890625
0 0.265625 0.416015625 0.052734375 0.08203125
0 0.52734375 0.32421875 0.04296875 0.068359375
0 0.6357421875 0.2998046875 0.041015625 0.06640625
0 0.556640625 0.35546875 0.046875 0.076171875
0 0.5087890625 0.4423828125 0.056640625 0.091796875
0 0.669921875 0.3330078125 0.046875 0.072265625
0 0.64453125 0.37890625 0.052734375 0.083984375
0 0.328125 0.4482421875 0.0546875 0.087890625
0 0.60546875 0.3203125 0.04296875 0.072265625