0 0.583984375 0.3857421875 0.0546875 0.080078125
0 0.607421875 0.42578125 0.0625 0.083984375
0 0.4072265625 0.4326171875 0.072265625 0.09765625
0 0.5205078125 0.4814453125 0.07421875 0.10546875
0 0.5830078125 0.4912109375 0.07421875 0.10546875
0 0.66015625 0.3837890625 0.056640625 0.078125
0 0.365234375 0.3818359375 0.0625 0.087890625
0 0.2841796875 0.3916015625 0.0625 0.08984375
0 0.7978515625 0.443359375 0.060546875 0.083984375
0 0.779296875 0.3984375 0.052734375 0.076171875
0 0.748046875 0.4794921875 0.068359375 0.09375
0 0.740234375 0.4072265625 0.056640625 0.080078125