0 0.41796875 0.5947265625 0.095703125 0.1650390625
0 0.611328125 0.861328125 0.107421875 0.1884765625
0 0.4736328125 0.912109375 0.109375 0.1708984375
0 0.4609375 0.2568359375 0.0712890625 0.125
0 0.5400390625 0.404296875 0.0791015625 0.1416015625
0 0.34375 0.5400390625 0.091796875 0.162109375
0 0.2431640625 0.376953125 0.083984375 0.1455078125
0 0.4462890625 0.455078125 0.0859375 0.1474609375
0 0.681640625 0.69140625 0.095703125 0.16796875
0 0.2412109375 0.2392578125 0.072265625 0.1279296875
0 0.365234375 0.08203125 0.064453125 0.1162109375