0 0.484375 0.4658203125 0.0546875 0.091796875
0 0.484375 0.3994140625 0.048828125 0.0703125
0 0.541015625 0.384765625 0.046875 0.07421875
0 0.3046875 0.453125 0.0546875 0.08984375
0 0.65234375 0.3759765625 0.046875 0.07421875
0 0.4501953125 0.37109375 0.041015625 0.068359375
0 0.201171875 0.4697265625 0.05859375 0.091796875
0 0.515625 0.3515625 0.041015625 0.068359375
0 0.623046875 0.4189453125 0.05078125 0.08203125
0 0.5927734375 0.35546875 0.04296875 0.0703125
0 0.2451171875 0.4169921875 0.048828125 0.078125
0 0.42578125 0.47265625 0.05859375 0.095703125
0 0.623046875 0.3388671875 0.0390625 0.064453125