0 0.41015625 0.453125 0.056640625 0.095703125
0 0.466796875 0.375 0.048828125 0.0703125
0 0.60546875 0.3056640625 0.041015625 0.068359375
0 0.1845703125 0.4619140625 0.056640625 0.091796875
0 0.47265625 0.44140625 0.0546875 0.091796875
0 0.41015625 0.375 0.048828125 0.078125
0 0.4970703125 0.3251953125 0.041015625 0.068359375
0 0.2255859375 0.404296875 0.05078125 0.08203125
0 0.5244140625 0.3564453125 0.044921875 0.07421875
0 0.638671875 0.3408203125 0.044921875 0.07421875
0 0.2880859375 0.439453125 0.052734375 0.087890625
0 0.5751953125 0.32421875 0.041015625 0.0703125
0 0.6103515625 0.3876953125 0.048828125 0.08203125