0 0.4521484375 0.359375 0.052734375 0.080078125
0 0.51171875 0.322265625 0.048828125 0.07421875
0 0.490234375 0.3779296875 0.056640625 0.076171875
0 0.44921875 0.4619140625 0.06640625 0.099609375
0 0.3271484375 0.46875 0.064453125 0.091796875
0 0.2314453125 0.5087890625 0.06640625 0.09765625
0 0.544921875 0.349609375 0.0546875 0.078125
0 0.505859375 0.4443359375 0.064453125 0.095703125
0 0.615234375 0.2880859375 0.046875 0.068359375
0 0.6533203125 0.3173828125 0.0546875 0.078125
0 0.2607421875 0.4482421875 0.056640625 0.08203125
0 0.6328125 0.365234375 0.05859375 0.0859375
0 0.587890625 0.3095703125 0.048828125 0.072265625