0 0.4248046875 0.349609375 0.048828125 0.07421875
0 0.423828125 0.453125 0.06640625 0.099609375
0 0.3037109375 0.4638671875 0.0625 0.091796875
0 0.4638671875 0.3681640625 0.052734375 0.07421875
0 0.20703125 0.50390625 0.064453125 0.095703125
0 0.484375 0.314453125 0.046875 0.0703125
0 0.5166015625 0.341796875 0.05078125 0.076171875
0 0.4814453125 0.4326171875 0.0625 0.095703125
0 0.5859375 0.2763671875 0.044921875 0.068359375
0 0.23828125 0.4423828125 0.0546875 0.080078125
0 0.623046875 0.3046875 0.048828125 0.07421875
0 0.603515625 0.35546875 0.056640625 0.0859375
0 0.560546875 0.2998046875 0.048828125 0.07421875