0 0.576171875 0.5234375 0.064453125 0.09765625
0 0.5166015625 0.544921875 0.06640625 0.099609375
0 0.298828125 0.5791015625 0.064453125 0.09765625
0 0.39453125 0.5341796875 0.0625 0.09375
0 0.521484375 0.3740234375 0.052734375 0.080078125
0 0.6943359375 0.2802734375 0.05078125 0.07421875
0 0.708984375 0.416015625 0.060546875 0.08984375
0 0.5859375 0.326171875 0.048828125 0.072265625
0 0.33203125 0.4892578125 0.0546875 0.080078125
0 0.5625 0.4208984375 0.0546875 0.08203125
0 0.7333984375 0.3330078125 0.056640625 0.08203125
0 0.6181640625 0.376953125 0.052734375 0.078125
0 0.5068359375 0.4228515625 0.052734375 0.080078125
0 0.666015625 0.314453125 0.05078125 0.07421875