0 0.3212890625 0.8525390625 0.1171875 0.1953125
0 0.30859375 0.546875 0.099609375 0.16015625
0 0.4619140625 0.8232421875 0.111328125 0.189453125
0 0.353515625 0.423828125 0.087890625 0.146484375
0 0.4501953125 0.39453125 0.083984375 0.138671875
0 0.2431640625 0.484375 0.09375 0.15625
0 0.388671875 0.25 0.07421875 0.126953125
0 0.5537109375 0.68359375 0.099609375 0.171875
0 0.166015625 0.3193359375 0.08984375 0.142578125
0 0.216796875 0.251953125 0.083984375 0.13671875
0 0.3193359375 0.0703125 0.06640625 0.115234375