0 0.638671875 0.353515625 0.048828125 0.08984375
0 0.59375 0.203125 0.0380859375 0.0712890625
0 0.458984375 0.302734375 0.046875 0.0859375
0 0.7705078125 0.1767578125 0.0400390625 0.0693359375
0 0.580078125 0.3505859375 0.048828125 0.0927734375
0 0.689453125 0.23828125 0.0439453125 0.076171875
0 0.6318359375 0.2568359375 0.044921875 0.078125
0 0.6591796875 0.1826171875 0.037109375 0.068359375
0 0.396484375 0.2392578125 0.044921875 0.0791015625
0 0.3603515625 0.30859375 0.048828125 0.087890625
0 0.330078125 0.2705078125 0.0439453125 0.0791015625
0 0.775390625 0.302734375 0.048828125 0.0830078125
0 0.8046875 0.2392578125 0.0419921875 0.072265625
0 0.740234375 0.1982421875 0.0390625 0.068359375