0 0.517578125 0.279296875 0.041015625 0.072265625
0 0.5 0.462890625 0.048828125 0.087890625
0 0.3818359375 0.4287109375 0.0478515625 0.0830078125
0 0.5546875 0.3369140625 0.04296875 0.076171875
0 0.5859375 0.2392578125 0.0380859375 0.0693359375
0 0.283203125 0.458984375 0.0498046875 0.087890625
0 0.55859375 0.453125 0.046875 0.0849609375
0 0.6953125 0.2109375 0.037109375 0.06640625
0 0.6640625 0.2431640625 0.0400390625 0.0693359375
0 0.5 0.3291015625 0.041015625 0.0751953125
0 0.7265625 0.279296875 0.041015625 0.072265625
0 0.3212890625 0.365234375 0.0419921875 0.0751953125
0 0.6123046875 0.3017578125 0.0400390625 0.0712890625
0 0.6953125 0.3642578125 0.044921875 0.078125