0 0.5498046875 0.453125 0.052734375 0.08984375
0 0.3720703125 0.4384765625 0.052734375 0.087890625
0 0.2744140625 0.4716796875 0.052734375 0.087890625
0 0.5927734375 0.3017578125 0.044921875 0.078125
0 0.4990234375 0.2822265625 0.044921875 0.076171875
0 0.5634765625 0.240234375 0.041015625 0.06640625
0 0.306640625 0.3759765625 0.048828125 0.08203125
0 0.6708984375 0.20703125 0.041015625 0.068359375
0 0.5380859375 0.3388671875 0.046875 0.08203125
0 0.6806640625 0.359375 0.05078125 0.08203125
0 0.4912109375 0.4658203125 0.0546875 0.091796875
0 0.642578125 0.240234375 0.04296875 0.07421875
0 0.7060546875 0.2744140625 0.044921875 0.07421875