0 0.5048828125 0.4755859375 0.064453125 0.103515625
0 0.3837890625 0.46875 0.060546875 0.09375
0 0.5673828125 0.3916015625 0.0546875 0.080078125
0 0.5673828125 0.4619140625 0.060546875 0.1015625
0 0.5322265625 0.3642578125 0.046875 0.078125
0 0.25390625 0.47265625 0.0546875 0.087890625
0 0.6279296875 0.3671875 0.05078125 0.080078125
0 0.326171875 0.435546875 0.052734375 0.08203125
0 0.75 0.3388671875 0.052734375 0.080078125
0 0.71484375 0.3046875 0.046875 0.07421875
0 0.6826171875 0.326171875 0.048828125 0.078125
0 0.716796875 0.3916015625 0.056640625 0.087890625