0 0.58984375 0.2646484375 0.04296875 0.076171875
0 0.53515625 0.2587890625 0.0419921875 0.076171875
0 0.2978515625 0.31640625 0.0458984375 0.080078125
0 0.6435546875 0.2412109375 0.041015625 0.0732421875
0 0.611328125 0.193359375 0.0361328125 0.0654296875
0 0.689453125 0.19921875 0.0390625 0.0712890625
0 0.6044921875 0.3515625 0.0478515625 0.0859375
0 0.75390625 0.2275390625 0.041015625 0.0693359375
0 0.3603515625 0.279296875 0.044921875 0.078125
0 0.73046875 0.2880859375 0.0458984375 0.0791015625
0 0.42578125 0.330078125 0.044921875 0.080078125
0 0.5478515625 0.3603515625 0.046875 0.0849609375
0 0.330078125 0.3505859375 0.0458984375 0.08203125