0 0.5654296875 0.220703125 0.052734375 0.078125
0 0.5322265625 0.3583984375 0.0703125 0.099609375
0 0.365234375 0.2431640625 0.060546875 0.0859375
0 0.6328125 0.205078125 0.052734375 0.076171875
0 0.70703125 0.2236328125 0.052734375 0.078125
0 0.29296875 0.2705078125 0.060546875 0.0859375
0 0.595703125 0.2724609375 0.0546875 0.080078125
0 0.58984375 0.3583984375 0.064453125 0.09375
0 0.73828125 0.2060546875 0.048828125 0.068359375
0 0.65234375 0.2578125 0.0546875 0.078125
0 0.7626953125 0.263671875 0.052734375 0.076171875
0 0.7275390625 0.3203125 0.05859375 0.083984375
0 0.4189453125 0.306640625 0.0625 0.08984375
0 0.3193359375 0.3095703125 0.0625 0.08984375