0 0.5400390625 0.5478515625 0.060546875 0.091796875
0 0.599609375 0.4345703125 0.05078125 0.080078125
0 0.328125 0.5185546875 0.060546875 0.091796875
0 0.568359375 0.3740234375 0.046875 0.0703125
0 0.42578125 0.5 0.05859375 0.087890625
0 0.59765625 0.544921875 0.05859375 0.08984375
0 0.6337890625 0.345703125 0.044921875 0.0703125
0 0.76953125 0.400390625 0.05078125 0.07421875
0 0.3017578125 0.47265625 0.0546875 0.083984375
0 0.6572265625 0.4072265625 0.048828125 0.076171875
0 0.7109375 0.359375 0.048828125 0.07421875
0 0.7421875 0.3330078125 0.044921875 0.06640625
0 0.7353515625 0.4755859375 0.0546875 0.08203125
0 0.37109375 0.4345703125 0.05078125 0.080078125