0 0.4306640625 0.47265625 0.0703125 0.099609375
0 0.4697265625 0.37890625 0.052734375 0.078125
0 0.5009765625 0.4111328125 0.056640625 0.076171875
0 0.646484375 0.3720703125 0.05078125 0.072265625
0 0.55859375 0.404296875 0.056640625 0.078125
0 0.4921875 0.474609375 0.068359375 0.09765625
0 0.1845703125 0.4072265625 0.0625 0.087890625
0 0.2626953125 0.390625 0.05859375 0.080078125
0 0.5380859375 0.3681640625 0.048828125 0.072265625
0 0.6708984375 0.412109375 0.0546875 0.076171875
0 0.3154296875 0.4375 0.064453125 0.091796875
0 0.6337890625 0.4501953125 0.064453125 0.087890625
0 0.6142578125 0.3837890625 0.05078125 0.072265625