0 0.4873046875 0.3583984375 0.048828125 0.078125
0 0.4521484375 0.4560546875 0.0625 0.09765625
0 0.333984375 0.4248046875 0.0625 0.09375
0 0.5185546875 0.388671875 0.052734375 0.07421875
0 0.6650390625 0.3427734375 0.046875 0.0703125
0 0.5771484375 0.380859375 0.05078125 0.078125
0 0.2294921875 0.4296875 0.0625 0.095703125
0 0.5556640625 0.34375 0.044921875 0.068359375
0 0.2783203125 0.3828125 0.052734375 0.08203125
0 0.513671875 0.4541015625 0.060546875 0.095703125
0 0.6923828125 0.3828125 0.05078125 0.07421875
0 0.6328125 0.35546875 0.046875 0.0703125
0 0.6572265625 0.421875 0.056640625 0.087890625