0 0.5068359375 0.8251953125 0.140625 0.20703125
0 0.6337890625 0.76171875 0.138671875 0.19921875
0 0.4111328125 0.5205078125 0.125 0.17578125
0 0.4208984375 0.3876953125 0.111328125 0.158203125
0 0.408203125 0.19921875 0.09375 0.13671875
0 0.5068359375 0.3359375 0.10546875 0.150390625
0 0.2099609375 0.3212890625 0.107421875 0.154296875
0 0.33203125 0.47265625 0.11328125 0.166015625
0 0.681640625 0.60546875 0.123046875 0.17578125
0 0.189453125 0.1884765625 0.095703125 0.13671875
0 0.296875 0.0615234375 0.072265625 0.0703125