0 0.580078125 0.3955078125 0.048828125 0.087890625
0 0.58203125 0.2607421875 0.0380859375 0.068359375
0 0.4599609375 0.359375 0.044921875 0.0830078125
0 0.365234375 0.375 0.048828125 0.0859375
0 0.33203125 0.3408203125 0.0419921875 0.076171875
0 0.7216796875 0.2470703125 0.037109375 0.06640625
0 0.623046875 0.3056640625 0.041015625 0.0751953125
0 0.6435546875 0.2373046875 0.0361328125 0.0634765625
0 0.7490234375 0.2255859375 0.03515625 0.0625
0 0.67578125 0.28515625 0.041015625 0.0712890625
0 0.763671875 0.3359375 0.044921875 0.078125
0 0.7861328125 0.27734375 0.041015625 0.0693359375
0 0.6376953125 0.3916015625 0.044921875 0.080078125
0 0.39453125 0.30859375 0.044921875 0.0751953125