0 0.537109375 0.4921875 0.048828125 0.087890625
0 0.5478515625 0.314453125 0.041015625 0.068359375
0 0.419921875 0.4599609375 0.0478515625 0.0830078125
0 0.3232421875 0.48828125 0.048828125 0.0849609375
0 0.5869140625 0.369140625 0.0419921875 0.0751953125
0 0.6123046875 0.275390625 0.037109375 0.0634765625
0 0.71875 0.2470703125 0.037109375 0.0634765625
0 0.595703125 0.48046875 0.046875 0.0859375
0 0.6904296875 0.2783203125 0.0400390625 0.068359375
0 0.29296875 0.4482421875 0.0439453125 0.076171875
0 0.75390625 0.3134765625 0.0400390625 0.068359375
0 0.640625 0.3349609375 0.0400390625 0.0712890625
0 0.357421875 0.3974609375 0.0439453125 0.076171875
0 0.7265625 0.3935546875 0.0439453125 0.076171875