0 0.654296875 0.455078125 0.0546875 0.0859375
0 0.5703125 0.5673828125 0.0625 0.09765625
0 0.62890625 0.3974609375 0.05078125 0.080078125
0 0.45703125 0.5185546875 0.05859375 0.09375
0 0.634765625 0.564453125 0.0625 0.099609375
0 0.7060546875 0.3671875 0.046875 0.072265625
0 0.353515625 0.533203125 0.05859375 0.091796875
0 0.5986328125 0.44140625 0.052734375 0.083984375
0 0.72265625 0.4287109375 0.052734375 0.0859375
0 0.830078125 0.3515625 0.048828125 0.07421875
0 0.7900390625 0.37890625 0.052734375 0.08203125
0 0.4111328125 0.453125 0.05078125 0.080078125
0 0.8017578125 0.498046875 0.060546875 0.09375
0 0.8525390625 0.419921875 0.052734375 0.080078125