0 0.4326171875 0.3740234375 0.056640625 0.080078125
0 0.4384765625 0.478515625 0.072265625 0.1015625
0 0.3173828125 0.4951171875 0.0703125 0.09765625
0 0.4736328125 0.3896484375 0.05859375 0.078125
0 0.5908203125 0.291015625 0.052734375 0.07421875
0 0.5244140625 0.3603515625 0.05859375 0.080078125
0 0.2236328125 0.541015625 0.0703125 0.099609375
0 0.490234375 0.3349609375 0.05078125 0.0703125
0 0.2509765625 0.478515625 0.060546875 0.083984375
0 0.494140625 0.453125 0.0703125 0.099609375
0 0.630859375 0.3173828125 0.056640625 0.078125
0 0.5654296875 0.3154296875 0.052734375 0.07421875
0 0.6142578125 0.3662109375 0.06640625 0.091796875