0 0.546875 0.24609375 0.041015625 0.0693359375
0 0.5869140625 0.2998046875 0.0419921875 0.0751953125
0 0.5390625 0.4033203125 0.048828125 0.087890625
0 0.640625 0.275390625 0.0419921875 0.072265625
0 0.611328125 0.2197265625 0.0361328125 0.0634765625
0 0.41796875 0.3603515625 0.0458984375 0.08203125
0 0.7177734375 0.205078125 0.037109375 0.0654296875
0 0.5966796875 0.3984375 0.0458984375 0.0859375
0 0.2890625 0.337890625 0.04296875 0.078125
0 0.689453125 0.2294921875 0.0390625 0.068359375
0 0.7529296875 0.267578125 0.041015625 0.0693359375
0 0.35546875 0.298828125 0.044921875 0.076171875
0 0.3212890625 0.376953125 0.0458984375 0.08203125
0 0.7275390625 0.3369140625 0.044921875 0.0791015625