0 0.5390625 0.498046875 0.0625 0.103515625
0 0.4169921875 0.482421875 0.05859375 0.09375
0 0.6025390625 0.4873046875 0.060546875 0.099609375
0 0.2880859375 0.4794921875 0.0546875 0.08984375
0 0.6044921875 0.416015625 0.052734375 0.080078125
0 0.5712890625 0.38671875 0.044921875 0.076171875
0 0.7568359375 0.4248046875 0.05859375 0.08984375
0 0.66796875 0.39453125 0.048828125 0.080078125
0 0.759765625 0.3359375 0.046875 0.076171875
0 0.361328125 0.447265625 0.05078125 0.080078125
0 0.7939453125 0.3740234375 0.05078125 0.080078125
0 0.7265625 0.357421875 0.046875 0.072265625