0 0.4111328125 0.3662109375 0.05078125 0.078125
0 0.404296875 0.47265625 0.068359375 0.099609375
0 0.462890625 0.455078125 0.06640625 0.09765625
0 0.2802734375 0.4765625 0.064453125 0.09375
0 0.4501953125 0.38671875 0.0546875 0.07421875
0 0.5791015625 0.298828125 0.048828125 0.072265625
0 0.505859375 0.3623046875 0.052734375 0.078125
0 0.6162109375 0.330078125 0.0546875 0.080078125
0 0.2138671875 0.451171875 0.060546875 0.0859375
0 0.474609375 0.333984375 0.048828125 0.072265625
0 0.1455078125 0.4951171875 0.060546875 0.08984375
0 0.5947265625 0.376953125 0.060546875 0.08984375
0 0.5517578125 0.3232421875 0.048828125 0.072265625