0 0.494140625 0.3837890625 0.041015625 0.0751953125
0 0.466796875 0.486328125 0.052734375 0.0927734375
0 0.3447265625 0.46875 0.0498046875 0.087890625
0 0.52734375 0.41015625 0.044921875 0.0712890625
0 0.287109375 0.431640625 0.0458984375 0.080078125
0 0.5869140625 0.39453125 0.04296875 0.0751953125
0 0.2138671875 0.4599609375 0.046875 0.0849609375
0 0.5283203125 0.478515625 0.0517578125 0.08984375
0 0.7041015625 0.3818359375 0.041015625 0.072265625
0 0.673828125 0.3447265625 0.0361328125 0.0654296875
0 0.640625 0.361328125 0.0400390625 0.0712890625
0 0.671875 0.427734375 0.0458984375 0.080078125