0 0.6005859375 0.65234375 0.1328125 0.216796875
0 0.35546875 0.439453125 0.1171875 0.1875
0 0.3701171875 0.3017578125 0.103515625 0.16015625
0 0.2626953125 0.4033203125 0.107421875 0.18359375
0 0.46875 0.2373046875 0.095703125 0.16015625
0 0.3642578125 0.1171875 0.0859375 0.138671875
0 0.1328125 0.26953125 0.109375 0.171875
0 0.658203125 0.4775390625 0.115234375 0.189453125
0 0.4541015625 0.7529296875 0.134765625 0.228515625
0 0.115234375 0.1337890625 0.083984375 0.1328125
0 0.24609375 0.0302734375 0.06640625 0.0390625