0 0.376953125 0.744140625 0.103515625 0.181640625
0 0.5166015625 0.73828125 0.099609375 0.1787109375
0 0.4482421875 0.3486328125 0.0830078125 0.14453125
0 0.39453125 0.4580078125 0.0869140625 0.15234375
0 0.337890625 0.3896484375 0.08203125 0.1455078125
0 0.546875 0.3330078125 0.076171875 0.1357421875
0 0.28125 0.2265625 0.076171875 0.1337890625
0 0.5029296875 0.1865234375 0.06640625 0.1240234375
0 0.619140625 0.6240234375 0.0888671875 0.1611328125
0 0.306640625 0.109375 0.0654296875 0.115234375
0 0.453125 0.0322265625 0.05859375 0.064453125