0 0.5205078125 0.50390625 0.0498046875 0.0888671875
0 0.3046875 0.49609375 0.048828125 0.0859375
0 0.400390625 0.4677734375 0.046875 0.0830078125
0 0.5771484375 0.4921875 0.046875 0.0849609375
0 0.626953125 0.345703125 0.041015625 0.072265625
0 0.5341796875 0.3232421875 0.0390625 0.068359375
0 0.33984375 0.404296875 0.044921875 0.0751953125
0 0.5166015625 0.3720703125 0.0419921875 0.0751953125
0 0.740234375 0.3251953125 0.0400390625 0.0693359375
0 0.677734375 0.2900390625 0.0390625 0.06640625
0 0.599609375 0.28515625 0.0361328125 0.0654296875
0 0.5712890625 0.380859375 0.041015625 0.0732421875
0 0.70703125 0.2587890625 0.037109375 0.0654296875
0 0.7119140625 0.4072265625 0.044921875 0.078125