0 0.482421875 0.466796875 0.048828125 0.0888671875
0 0.4775390625 0.400390625 0.0439453125 0.068359375
0 0.533203125 0.3818359375 0.041015625 0.072265625
0 0.3017578125 0.466796875 0.048828125 0.0859375
0 0.6435546875 0.365234375 0.041015625 0.072265625
0 0.44140625 0.375 0.037109375 0.06640625
0 0.2001953125 0.490234375 0.0517578125 0.0888671875
0 0.5048828125 0.3505859375 0.037109375 0.0654296875
0 0.6171875 0.41015625 0.044921875 0.0791015625
0 0.58203125 0.349609375 0.0380859375 0.068359375
0 0.240234375 0.4345703125 0.0439453125 0.0751953125
0 0.423828125 0.4775390625 0.052734375 0.0927734375
0 0.611328125 0.3310546875 0.0341796875 0.0625