0 0.599609375 0.4140625 0.064453125 0.095703125
0 0.6259765625 0.28125 0.052734375 0.076171875
0 0.7138671875 0.322265625 0.0546875 0.078125
0 0.6923828125 0.26953125 0.048828125 0.0703125
0 0.3916015625 0.3505859375 0.064453125 0.091796875
0 0.7978515625 0.2783203125 0.046875 0.068359375
0 0.82421875 0.3359375 0.052734375 0.076171875
0 0.365234375 0.310546875 0.0546875 0.08203125
0 0.6572265625 0.333984375 0.0546875 0.080078125
0 0.7666015625 0.2939453125 0.048828125 0.072265625
0 0.65625 0.419921875 0.0625 0.08984375
0 0.791015625 0.390625 0.05859375 0.0859375
0 0.48828125 0.35546875 0.05859375 0.0859375
0 0.4345703125 0.2900390625 0.05859375 0.083984375