0 0.6220703125 0.4736328125 0.068359375 0.09765625
0 0.517578125 0.4013671875 0.06640625 0.091796875
0 0.4013671875 0.33984375 0.060546875 0.083984375
0 0.7216796875 0.345703125 0.052734375 0.0703125
0 0.6572265625 0.3466796875 0.05078125 0.0703125
0 0.4228515625 0.3837890625 0.068359375 0.09375
0 0.6767578125 0.48828125 0.068359375 0.09375
0 0.7392578125 0.4013671875 0.056640625 0.080078125
0 0.8115234375 0.4775390625 0.06640625 0.08984375
0 0.82421875 0.369140625 0.05078125 0.0703125
0 0.6845703125 0.404296875 0.056640625 0.080078125
0 0.845703125 0.4306640625 0.056640625 0.076171875
0 0.46875 0.3310546875 0.05859375 0.08203125