0 0.548828125 0.5380859375 0.06640625 0.099609375
0 0.4375 0.490234375 0.0625 0.095703125
0 0.7705078125 0.478515625 0.0625 0.091796875
0 0.6962890625 0.4111328125 0.056640625 0.08203125
0 0.6044921875 0.3798828125 0.052734375 0.078125
0 0.630859375 0.43359375 0.05859375 0.0859375
0 0.6806640625 0.3544921875 0.048828125 0.072265625
0 0.6103515625 0.53515625 0.064453125 0.09765625
0 0.7998046875 0.3447265625 0.05078125 0.072265625
0 0.3154296875 0.4580078125 0.05859375 0.087890625
0 0.76171875 0.3671875 0.0546875 0.080078125
0 0.8193359375 0.4072265625 0.056640625 0.080078125
0 0.390625 0.423828125 0.05859375 0.083984375
0 0.5751953125 0.419921875 0.052734375 0.08203125