0 0.6396484375 0.4228515625 0.0458984375 0.08203125
0 0.7041015625 0.388671875 0.044921875 0.0791015625
0 0.6318359375 0.533203125 0.05078125 0.091796875
0 0.568359375 0.5439453125 0.052734375 0.0927734375
0 0.326171875 0.494140625 0.048828125 0.08203125
0 0.4501953125 0.5087890625 0.048828125 0.0888671875
0 0.607421875 0.369140625 0.041015625 0.0732421875
0 0.6826171875 0.330078125 0.0400390625 0.0693359375
0 0.3984375 0.447265625 0.0439453125 0.0751953125
0 0.83203125 0.3662109375 0.044921875 0.076171875
0 0.767578125 0.3330078125 0.0419921875 0.072265625
0 0.802734375 0.3017578125 0.041015625 0.072265625
0 0.791015625 0.4482421875 0.0498046875 0.0849609375
0 0.5830078125 0.416015625 0.0419921875 0.076171875