0 0.5400390625 0.5380859375 0.0625 0.1015625
0 0.6005859375 0.451171875 0.0546875 0.080078125
0 0.4169921875 0.53515625 0.060546875 0.09765625
0 0.2890625 0.5439453125 0.052734375 0.08984375
0 0.5654296875 0.42578125 0.046875 0.076171875
0 0.662109375 0.4248046875 0.052734375 0.080078125
0 0.7509765625 0.3603515625 0.046875 0.072265625
0 0.6025390625 0.5224609375 0.060546875 0.099609375
0 0.7841796875 0.3955078125 0.052734375 0.080078125
0 0.7177734375 0.384765625 0.048828125 0.076171875
0 0.361328125 0.505859375 0.052734375 0.083984375
0 0.751953125 0.44921875 0.05859375 0.08984375