0 0.7109375 0.3935546875 0.05078125 0.08203125
0 0.626953125 0.529296875 0.05859375 0.09765625
0 0.44921875 0.4912109375 0.056640625 0.09375
0 0.3447265625 0.5087890625 0.056640625 0.09375
0 0.6171875 0.365234375 0.048828125 0.078125
0 0.7919921875 0.458984375 0.056640625 0.091796875
0 0.83984375 0.3818359375 0.052734375 0.08203125
0 0.6953125 0.333984375 0.04296875 0.072265625
0 0.7783203125 0.34375 0.048828125 0.076171875
0 0.6435546875 0.4228515625 0.05078125 0.083984375
0 0.5615234375 0.5361328125 0.056640625 0.09375
0 0.4013671875 0.427734375 0.052734375 0.083984375
0 0.8173828125 0.31640625 0.048828125 0.072265625
0 0.587890625 0.4111328125 0.048828125 0.080078125