0 0.341796875 0.8740234375 0.15625 0.22265625
0 0.3134765625 0.5400390625 0.13671875 0.205078125
0 0.4990234375 0.810546875 0.150390625 0.23046875
0 0.3583984375 0.392578125 0.12109375 0.17578125
0 0.3955078125 0.1943359375 0.09765625 0.142578125
0 0.4658203125 0.345703125 0.109375 0.171875
0 0.2333984375 0.482421875 0.126953125 0.1953125
0 0.1376953125 0.314453125 0.123046875 0.181640625
0 0.5927734375 0.6376953125 0.12890625 0.197265625
0 0.1513671875 0.1650390625 0.099609375 0.146484375
0 0.3095703125 0.044921875 0.087890625 0.08984375