0 0.4423828125 0.3623046875 0.0390625 0.072265625
0 0.478515625 0.3876953125 0.0419921875 0.0693359375
0 0.4248046875 0.4638671875 0.05078125 0.091796875
0 0.484375 0.453125 0.048828125 0.08984375
0 0.61328125 0.3173828125 0.037109375 0.0654296875
0 0.53515625 0.3701171875 0.0400390625 0.0712890625
0 0.6455078125 0.3515625 0.041015625 0.072265625
0 0.2421875 0.421875 0.0439453125 0.0751953125
0 0.201171875 0.4775390625 0.0517578125 0.0888671875
0 0.5068359375 0.337890625 0.0361328125 0.0654296875
0 0.3037109375 0.455078125 0.046875 0.0830078125
0 0.5830078125 0.3369140625 0.037109375 0.0654296875
0 0.619140625 0.3974609375 0.044921875 0.078125