0 0.6748046875 0.2900390625 0.046875 0.0712890625
0 0.638671875 0.267578125 0.041015625 0.0732421875
0 0.6103515625 0.3740234375 0.052734375 0.0947265625
0 0.48828125 0.3720703125 0.0498046875 0.0888671875
0 0.3603515625 0.3818359375 0.044921875 0.0830078125
0 0.73828125 0.2646484375 0.044921875 0.076171875
0 0.673828125 0.3583984375 0.052734375 0.0947265625
0 0.796875 0.2236328125 0.04296875 0.072265625
0 0.8310546875 0.201171875 0.041015625 0.0712890625
0 0.431640625 0.3447265625 0.044921875 0.080078125
0 0.8671875 0.2314453125 0.0478515625 0.0791015625
0 0.830078125 0.28515625 0.05078125 0.0849609375
0 0.7109375 0.2265625 0.0380859375 0.0556640625