0 0.6396484375 0.501953125 0.068359375 0.09765625
0 0.669921875 0.3759765625 0.05078125 0.072265625
0 0.7548828125 0.4296875 0.056640625 0.078125
0 0.53125 0.4287109375 0.0625 0.08984375
0 0.6953125 0.5166015625 0.06640625 0.09375
0 0.734375 0.3759765625 0.05078125 0.072265625
0 0.4150390625 0.3701171875 0.05859375 0.083984375
0 0.8369140625 0.3994140625 0.048828125 0.068359375
0 0.6982421875 0.4326171875 0.056640625 0.080078125
0 0.482421875 0.359375 0.060546875 0.083984375
0 0.8623046875 0.458984375 0.0546875 0.076171875
0 0.8291015625 0.5078125 0.0625 0.0859375
0 0.4384765625 0.4130859375 0.0625 0.087890625