0 0.23046875 0.3974609375 0.0615234375 0.1025390625
0 0.1083984375 0.484375 0.0791015625 0.107421875
0 0.345703125 0.5205078125 0.083984375 0.150390625
0 0.103515625 0.6123046875 0.091796875 0.171875
0 0.3369140625 0.7470703125 0.123046875 0.2197265625
0 0.2900390625 0.4638671875 0.0693359375 0.1279296875
0 0.2392578125 0.556640625 0.0888671875 0.16015625
0 0.4482421875 0.638671875 0.1025390625 0.16796875
0 0.1640625 0.802734375 0.1337890625 0.2333984375
0 0.04296875 0.5439453125 0.0859375 0.1572265625
0 0.2392578125 0.4599609375 0.0654296875 0.0498046875