0 0.5830078125 0.529296875 0.0546875 0.095703125
0 0.6201171875 0.3505859375 0.044921875 0.078125
0 0.361328125 0.5205078125 0.052734375 0.08984375
0 0.4638671875 0.4931640625 0.05078125 0.087890625
0 0.71875 0.37109375 0.046875 0.078125
0 0.6455078125 0.517578125 0.052734375 0.09375
0 0.6533203125 0.4052734375 0.046875 0.080078125
0 0.6962890625 0.3115234375 0.041015625 0.0703125
0 0.4111328125 0.43359375 0.046875 0.08203125
0 0.818359375 0.2822265625 0.04296875 0.072265625
0 0.7822265625 0.3134765625 0.044921875 0.072265625
0 0.84765625 0.3466796875 0.046875 0.078125
0 0.595703125 0.3984375 0.044921875 0.080078125
0 0.8056640625 0.431640625 0.05078125 0.0859375