0 0.451171875 0.37890625 0.060546875 0.08984375
0 0.576171875 0.3955078125 0.0625 0.09375
0 0.5537109375 0.263671875 0.05078125 0.072265625
0 0.6318359375 0.3828125 0.060546875 0.091796875
0 0.609375 0.2333984375 0.044921875 0.068359375
0 0.3212890625 0.37890625 0.0546875 0.083984375
0 0.6015625 0.302734375 0.052734375 0.080078125
0 0.7119140625 0.2060546875 0.046875 0.068359375
0 0.3583984375 0.4072265625 0.060546875 0.08984375
0 0.6513671875 0.2744140625 0.052734375 0.078125
0 0.7587890625 0.2509765625 0.052734375 0.076171875
0 0.376953125 0.337890625 0.052734375 0.078125
0 0.74609375 0.310546875 0.056640625 0.08203125