0 0.5712890625 0.53515625 0.0498046875 0.091796875
0 0.509765625 0.546875 0.052734375 0.0927734375
0 0.2890625 0.546875 0.0517578125 0.08984375
0 0.390625 0.517578125 0.0498046875 0.087890625
0 0.541015625 0.37890625 0.041015625 0.0751953125
0 0.7265625 0.3134765625 0.041015625 0.0693359375
0 0.7197265625 0.4501953125 0.0478515625 0.0830078125
0 0.6123046875 0.341796875 0.0380859375 0.06640625
0 0.3359375 0.462890625 0.04296875 0.0751953125
0 0.57421875 0.431640625 0.04296875 0.076171875
0 0.7568359375 0.3720703125 0.044921875 0.0751953125
0 0.6357421875 0.396484375 0.0419921875 0.0732421875
0 0.5185546875 0.4248046875 0.0419921875 0.0751953125
0 0.693359375 0.3427734375 0.041015625 0.0693359375