0 0.41796875 0.384765625 0.0546875 0.078125
0 0.42578125 0.4599609375 0.064453125 0.09765625
0 0.47265625 0.37890625 0.052734375 0.07421875
0 0.4970703125 0.3271484375 0.048828125 0.07421875
0 0.2001953125 0.4873046875 0.0625 0.095703125
0 0.603515625 0.296875 0.046875 0.0703125
0 0.484375 0.4453125 0.060546875 0.095703125
0 0.236328125 0.4296875 0.052734375 0.08203125
0 0.6396484375 0.3310546875 0.05078125 0.076171875
0 0.302734375 0.458984375 0.060546875 0.08984375
0 0.5751953125 0.3203125 0.046875 0.0703125
0 0.6171875 0.37890625 0.056640625 0.083984375