0 0.521484375 0.3681640625 0.05859375 0.09375
0 0.51171875 0.2119140625 0.048828125 0.076171875
0 0.3955078125 0.3388671875 0.056640625 0.08984375
0 0.6083984375 0.2314453125 0.048828125 0.076171875
0 0.2998046875 0.3623046875 0.05859375 0.091796875
0 0.5732421875 0.1796875 0.044921875 0.0703125
0 0.5576171875 0.26171875 0.05078125 0.080078125
0 0.263671875 0.326171875 0.0546875 0.083984375
0 0.677734375 0.1552734375 0.046875 0.072265625
0 0.703125 0.2841796875 0.0546875 0.083984375
0 0.720703125 0.2138671875 0.048828125 0.07421875
0 0.580078125 0.3583984375 0.05859375 0.08984375
0 0.3251953125 0.283203125 0.052734375 0.080078125
0 0.6533203125 0.18359375 0.044921875 0.0703125