0 0.501953125 0.5771484375 0.0546875 0.087890625
0 0.2890625 0.5546875 0.0546875 0.08984375
0 0.6103515625 0.4375 0.044921875 0.07421875
0 0.5556640625 0.4638671875 0.046875 0.076171875
0 0.3857421875 0.5341796875 0.052734375 0.0859375
0 0.51953125 0.408203125 0.044921875 0.072265625
0 0.689453125 0.501953125 0.048828125 0.078125
0 0.5830078125 0.376953125 0.041015625 0.06640625
0 0.6875 0.3603515625 0.041015625 0.06640625
0 0.2607421875 0.51171875 0.05078125 0.0859375
0 0.658203125 0.38671875 0.04296875 0.0703125
0 0.326171875 0.4697265625 0.05078125 0.078125
0 0.5595703125 0.572265625 0.05078125 0.083984375
0 0.71875 0.42578125 0.04296875 0.068359375