0 0.421875 0.77734375 0.185546875 0.259765625
0 0.4423828125 0.3427734375 0.134765625 0.173828125
0 0.5927734375 0.708984375 0.17578125 0.244140625
0 0.5546875 0.3056640625 0.125 0.173828125
0 0.39453125 0.47265625 0.1484375 0.205078125
0 0.310546875 0.4248046875 0.140625 0.19921875
0 0.2158203125 0.28515625 0.134765625 0.18359375
0 0.48046875 0.1787109375 0.107421875 0.140625
0 0.2314453125 0.1611328125 0.10546875 0.142578125
0 0.69140625 0.5537109375 0.15234375 0.2109375
0 0.390625 0.0576171875 0.09765625 0.115234375