0 0.51953125 0.837890625 0.150390625 0.2109375
0 0.6396484375 0.76171875 0.146484375 0.205078125
0 0.314453125 0.4873046875 0.12890625 0.1796875
0 0.37109375 0.1943359375 0.099609375 0.140625
0 0.3984375 0.390625 0.1171875 0.1640625
0 0.400390625 0.53125 0.126953125 0.177734375
0 0.1806640625 0.3388671875 0.1171875 0.16015625
0 0.4794921875 0.330078125 0.109375 0.15625
0 0.67578125 0.591796875 0.12890625 0.181640625
0 0.1494140625 0.2021484375 0.103515625 0.146484375
0 0.25 0.068359375 0.068359375 0.0546875