0 0.4306640625 0.8251953125 0.111328125 0.189453125
0 0.2705078125 0.556640625 0.1015625 0.162109375
0 0.5185546875 0.6806640625 0.099609375 0.169921875
0 0.201171875 0.4951171875 0.099609375 0.162109375
0 0.41015625 0.3955078125 0.083984375 0.140625
0 0.3125 0.4296875 0.08984375 0.1484375
0 0.3466796875 0.251953125 0.07421875 0.126953125
0 0.2890625 0.8642578125 0.1171875 0.193359375
0 0.12109375 0.33203125 0.095703125 0.1484375
0 0.2734375 0.0751953125 0.068359375 0.1171875
0 0.1337890625 0.2021484375 0.080078125 0.125