0 0.31640625 0.4833984375 0.044921875 0.0859375
0 0.7958984375 0.3427734375 0.0400390625 0.0712890625
0 0.634765625 0.419921875 0.044921875 0.0732421875
0 0.630859375 0.4892578125 0.052734375 0.095703125
0 0.603515625 0.390625 0.0400390625 0.0732421875
0 0.3916015625 0.451171875 0.046875 0.0791015625
0 0.7880859375 0.4287109375 0.0517578125 0.087890625
0 0.4453125 0.486328125 0.0498046875 0.0888671875
0 0.7001953125 0.3994140625 0.044921875 0.0791015625
0 0.56640625 0.5009765625 0.052734375 0.0927734375
0 0.826171875 0.37890625 0.046875 0.0791015625
0 0.759765625 0.3623046875 0.0439453125 0.072265625