0 0.275390625 0.42578125 0.0517578125 0.0556640625
0 0.25 0.501953125 0.0751953125 0.1328125
0 0.4228515625 0.400390625 0.056640625 0.0908203125
0 0.5234375 0.5234375 0.080078125 0.1396484375
0 0.310546875 0.4609375 0.0654296875 0.095703125
0 0.3017578125 0.56640625 0.080078125 0.1513671875
0 0.4755859375 0.4677734375 0.0615234375 0.119140625
0 0.365234375 0.5849609375 0.0888671875 0.1416015625
0 0.34375 0.73046875 0.115234375 0.203125
0 0.423828125 0.5390625 0.0810546875 0.1435546875
0 0.4306640625 0.48046875 0.0732421875 0.0927734375
0 0.61328125 0.6376953125 0.0986328125 0.1484375
0 0.5029296875 0.71484375 0.11328125 0.201171875