0 0.5390625 0.4853515625 0.0537109375 0.095703125
0 0.6044921875 0.482421875 0.052734375 0.0947265625
0 0.58203125 0.3798828125 0.0390625 0.0732421875
0 0.419921875 0.4580078125 0.0498046875 0.0888671875
0 0.314453125 0.4697265625 0.05078125 0.08984375
0 0.61328125 0.4130859375 0.044921875 0.076171875
0 0.677734375 0.396484375 0.0439453125 0.076171875
0 0.763671875 0.4365234375 0.05078125 0.0859375
0 0.3681640625 0.41796875 0.0439453125 0.0751953125
0 0.7763671875 0.34765625 0.041015625 0.068359375
0 0.8056640625 0.3876953125 0.044921875 0.0751953125
0 0.740234375 0.365234375 0.0419921875 0.072265625