0 0.5068359375 0.888671875 0.158203125 0.22265625
0 0.474609375 0.2626953125 0.103515625 0.142578125
0 0.22265625 0.345703125 0.126953125 0.171875
0 0.419921875 0.455078125 0.125 0.171875
0 0.5263671875 0.4189453125 0.119140625 0.166015625
0 0.2939453125 0.525390625 0.1328125 0.18359375
0 0.359375 0.5927734375 0.138671875 0.189453125
0 0.6142578125 0.7275390625 0.138671875 0.193359375
0 0.3544921875 0.9033203125 0.146484375 0.16796875
0 0.2509765625 0.2080078125 0.10546875 0.1484375
0 0.4130859375 0.080078125 0.09375 0.134765625