0 0.5029296875 0.4580078125 0.06640625 0.09765625
0 0.58203125 0.3427734375 0.056640625 0.08203125
0 0.5625 0.4580078125 0.064453125 0.095703125
0 0.64453125 0.3173828125 0.0546875 0.078125
0 0.3935546875 0.3994140625 0.0625 0.091796875
0 0.3466796875 0.3251953125 0.05859375 0.0859375
0 0.2900390625 0.4111328125 0.06640625 0.09765625
0 0.55859375 0.27734375 0.05078125 0.076171875
0 0.7080078125 0.2705078125 0.052734375 0.078125
0 0.630859375 0.251953125 0.048828125 0.07421875
0 0.7451171875 0.244140625 0.052734375 0.07421875
0 0.7626953125 0.318359375 0.0546875 0.078125
0 0.5302734375 0.326171875 0.0546875 0.080078125
0 0.71484375 0.396484375 0.0625 0.08984375