0 0.734375 0.306640625 0.05078125 0.078125
0 0.6162109375 0.412109375 0.056640625 0.09375
0 0.67578125 0.3232421875 0.05078125 0.08203125
0 0.62109375 0.3046875 0.048828125 0.080078125
0 0.67578125 0.4150390625 0.056640625 0.09375
0 0.3740234375 0.3203125 0.0546875 0.0859375
0 0.4990234375 0.357421875 0.0546875 0.08984375
0 0.8212890625 0.2529296875 0.044921875 0.072265625
0 0.7099609375 0.25390625 0.04296875 0.0703125
0 0.7880859375 0.2724609375 0.048828125 0.07421875
0 0.8525390625 0.3154296875 0.048828125 0.076171875
0 0.818359375 0.3759765625 0.052734375 0.083984375
0 0.44140625 0.294921875 0.05078125 0.080078125