0 0.5380859375 0.4375 0.0625 0.091796875
0 0.3583984375 0.44140625 0.060546875 0.091796875
0 0.47265625 0.26953125 0.052734375 0.078125
0 0.5166015625 0.32421875 0.0546875 0.083984375
0 0.265625 0.486328125 0.06640625 0.095703125
0 0.5673828125 0.2783203125 0.052734375 0.078125
0 0.4814453125 0.45703125 0.064453125 0.09765625
0 0.533203125 0.2197265625 0.048828125 0.07421875
0 0.4609375 0.3232421875 0.0546875 0.083984375
0 0.63671875 0.1748046875 0.048828125 0.07421875
0 0.6787109375 0.2373046875 0.052734375 0.078125
0 0.2890625 0.3876953125 0.0546875 0.08203125
0 0.611328125 0.2119140625 0.048828125 0.076171875
0 0.6611328125 0.328125 0.056640625 0.083984375