0 0.6181640625 0.767578125 0.111328125 0.193359375
0 0.478515625 0.837890625 0.1142578125 0.203125
0 0.4140625 0.5087890625 0.1005859375 0.173828125
0 0.439453125 0.3681640625 0.0908203125 0.1552734375
0 0.3359375 0.45703125 0.09375 0.1669921875
0 0.53515625 0.3115234375 0.0830078125 0.1455078125
0 0.228515625 0.296875 0.087890625 0.150390625
0 0.44921875 0.166015625 0.0732421875 0.1259765625
0 0.6875 0.5947265625 0.099609375 0.173828125
0 0.220703125 0.1552734375 0.0732421875 0.130859375
0 0.34765625 0.0283203125 0.0654296875 0.056640625