0 0.51171875 0.498046875 0.0498046875 0.08984375
0 0.5634765625 0.3720703125 0.04296875 0.078125
0 0.6201171875 0.337890625 0.0419921875 0.0751953125
0 0.2958984375 0.4892578125 0.0498046875 0.0859375
0 0.5927734375 0.275390625 0.0380859375 0.068359375
0 0.52734375 0.3134765625 0.041015625 0.0712890625
0 0.701171875 0.2490234375 0.037109375 0.06640625
0 0.732421875 0.31640625 0.041015625 0.0712890625
0 0.2666015625 0.447265625 0.04296875 0.078125
0 0.33203125 0.396484375 0.0439453125 0.076171875
0 0.6708984375 0.2802734375 0.041015625 0.072265625
0 0.509765625 0.36328125 0.041015625 0.0732421875
0 0.705078125 0.400390625 0.044921875 0.078125
0 0.39453125 0.4619140625 0.044921875 0.08203125
0 0.5703125 0.486328125 0.044921875 0.0849609375