0 0.4345703125 0.3740234375 0.0439453125 0.0732421875
0 0.431640625 0.4501953125 0.052734375 0.091796875
0 0.490234375 0.3759765625 0.0439453125 0.068359375
0 0.521484375 0.328125 0.0390625 0.0693359375
0 0.205078125 0.4453125 0.05078125 0.08984375
0 0.630859375 0.3134765625 0.037109375 0.06640625
0 0.4921875 0.443359375 0.048828125 0.08984375
0 0.2490234375 0.3935546875 0.04296875 0.076171875
0 0.662109375 0.3525390625 0.041015625 0.0712890625
0 0.310546875 0.431640625 0.048828125 0.0830078125
0 0.599609375 0.3330078125 0.037109375 0.06640625
0 0.6328125 0.396484375 0.0458984375 0.0791015625