0 0.3681640625 0.4921875 0.119140625 0.189453125
0 0.3818359375 0.353515625 0.10546875 0.158203125
0 0.275390625 0.462890625 0.109375 0.1875
0 0.37109375 0.1728515625 0.0859375 0.130859375
0 0.4765625 0.28515625 0.095703125 0.162109375
0 0.146484375 0.3427734375 0.10546875 0.166015625
0 0.6748046875 0.5068359375 0.119140625 0.193359375
0 0.126953125 0.2109375 0.087890625 0.138671875
0 0.25 0.064453125 0.076171875 0.107421875
0 0.62109375 0.6865234375 0.134765625 0.21875
0 0.474609375 0.79296875 0.13671875 0.23046875