0 0.45703125 0.390625 0.064453125 0.091796875
0 0.58203125 0.40234375 0.06640625 0.095703125
0 0.365234375 0.421875 0.064453125 0.09375
0 0.5546875 0.2734375 0.048828125 0.0703125
0 0.611328125 0.2421875 0.048828125 0.068359375
0 0.6376953125 0.388671875 0.064453125 0.09375
0 0.60546875 0.3115234375 0.0546875 0.080078125
0 0.326171875 0.39453125 0.05859375 0.083984375
0 0.712890625 0.212890625 0.048828125 0.072265625
0 0.65234375 0.2822265625 0.052734375 0.076171875
0 0.759765625 0.2548828125 0.0546875 0.076171875
0 0.7509765625 0.314453125 0.060546875 0.083984375
0 0.380859375 0.3515625 0.0546875 0.080078125