0 0.666015625 0.400390625 0.046875 0.0732421875
0 0.6337890625 0.3720703125 0.0400390625 0.072265625
0 0.4765625 0.466796875 0.05078125 0.0888671875
0 0.7314453125 0.3798828125 0.046875 0.0791015625
0 0.59765625 0.48046875 0.052734375 0.0947265625
0 0.828125 0.322265625 0.041015625 0.0693359375
0 0.7919921875 0.3427734375 0.0419921875 0.072265625
0 0.373046875 0.4873046875 0.048828125 0.091796875
0 0.662109375 0.47265625 0.0517578125 0.0947265625
0 0.8603515625 0.359375 0.0458984375 0.078125
0 0.421875 0.431640625 0.0458984375 0.080078125
0 0.8212890625 0.4111328125 0.05078125 0.0859375
0 0.7060546875 0.337890625 0.0380859375 0.056640625