0 0.525390625 0.19140625 0.052734375 0.078125
0 0.537109375 0.3447265625 0.0625 0.095703125
0 0.4091796875 0.3154296875 0.0625 0.091796875
0 0.27734375 0.3037109375 0.05859375 0.087890625
0 0.5712890625 0.2412109375 0.0546875 0.083984375
0 0.5947265625 0.3359375 0.0625 0.095703125
0 0.5849609375 0.1591796875 0.046875 0.0703125
0 0.3134765625 0.3408203125 0.0625 0.09375
0 0.693359375 0.1357421875 0.046875 0.072265625
0 0.7373046875 0.193359375 0.052734375 0.078125
0 0.6669921875 0.1630859375 0.048828125 0.07421875
0 0.6240234375 0.2109375 0.05078125 0.078125
0 0.7197265625 0.263671875 0.056640625 0.0859375
0 0.337890625 0.2626953125 0.052734375 0.080078125