0 0.5869140625 0.77734375 0.107421875 0.185546875
0 0.40234375 0.5029296875 0.09765625 0.1640625
0 0.4521484375 0.828125 0.111328125 0.1953125
0 0.330078125 0.443359375 0.09375 0.162109375
0 0.43359375 0.3671875 0.0859375 0.1484375
0 0.44921875 0.1708984375 0.07421875 0.126953125
0 0.23046875 0.2724609375 0.08984375 0.146484375
0 0.525390625 0.3251953125 0.080078125 0.142578125
0 0.658203125 0.6201171875 0.095703125 0.166015625
0 0.23046875 0.1328125 0.07421875 0.134765625
0 0.3583984375 0.0224609375 0.060546875 0.041015625