0 0.470703125 0.5439453125 0.068359375 0.09765625
0 0.5283203125 0.5234375 0.06640625 0.09765625
0 0.4638671875 0.3466796875 0.0546875 0.078125
0 0.25 0.5751953125 0.068359375 0.09765625
0 0.5615234375 0.3564453125 0.0546875 0.08203125
0 0.6318359375 0.2470703125 0.052734375 0.076171875
0 0.27734375 0.470703125 0.05859375 0.08203125
0 0.3466796875 0.5283203125 0.06640625 0.09765625
0 0.52734375 0.2958984375 0.05078125 0.07421875
0 0.5087890625 0.4013671875 0.05859375 0.0859375
0 0.60546875 0.287109375 0.0546875 0.078125
0 0.673828125 0.3134765625 0.0546875 0.078125
0 0.4521484375 0.4052734375 0.0546875 0.08203125
0 0.6552734375 0.4072265625 0.05859375 0.0859375