0 0.5068359375 0.5478515625 0.052734375 0.0927734375
0 0.568359375 0.5322265625 0.05078125 0.091796875
0 0.3876953125 0.5205078125 0.05078125 0.0888671875
0 0.2841796875 0.556640625 0.0517578125 0.08984375
0 0.63671875 0.3759765625 0.044921875 0.0791015625
0 0.57421875 0.4150390625 0.044921875 0.08203125
0 0.5419921875 0.359375 0.0419921875 0.0751953125
0 0.615234375 0.314453125 0.041015625 0.0712890625
0 0.7314453125 0.27734375 0.041015625 0.0732421875
0 0.3330078125 0.4599609375 0.0458984375 0.080078125
0 0.697265625 0.3115234375 0.0419921875 0.0751953125
0 0.5185546875 0.412109375 0.044921875 0.08203125
0 0.76171875 0.34375 0.044921875 0.076171875
0 0.72265625 0.431640625 0.0478515625 0.0849609375