0 0.5859375 0.443359375 0.056640625 0.095703125
0 0.5849609375 0.3193359375 0.04296875 0.0703125
0 0.4619140625 0.4443359375 0.0546875 0.08984375
0 0.6455078125 0.4228515625 0.056640625 0.09375
0 0.3662109375 0.484375 0.056640625 0.09375
0 0.681640625 0.3154296875 0.048828125 0.078125
0 0.62890625 0.349609375 0.046875 0.078125
0 0.6484375 0.28125 0.041015625 0.068359375
0 0.755859375 0.2412109375 0.04296875 0.068359375
0 0.7978515625 0.27734375 0.048828125 0.076171875
0 0.7763671875 0.337890625 0.0546875 0.0859375
0 0.728515625 0.267578125 0.04296875 0.0703125
0 0.396484375 0.4140625 0.048828125 0.078125