0 0.654296875 0.4580078125 0.0546875 0.087890625
0 0.5693359375 0.568359375 0.064453125 0.09765625
0 0.6298828125 0.400390625 0.052734375 0.080078125
0 0.4560546875 0.5185546875 0.05859375 0.09375
0 0.6337890625 0.56640625 0.064453125 0.099609375
0 0.708984375 0.37109375 0.048828125 0.072265625
0 0.3525390625 0.53125 0.060546875 0.09375
0 0.599609375 0.443359375 0.0546875 0.083984375
0 0.7236328125 0.4326171875 0.0546875 0.0859375
0 0.83203125 0.357421875 0.048828125 0.076171875
0 0.7919921875 0.384765625 0.052734375 0.08203125
0 0.412109375 0.4521484375 0.052734375 0.080078125
0 0.8017578125 0.50390625 0.0625 0.09375
0 0.853515625 0.4267578125 0.0546875 0.08203125