0 0.537109375 0.3720703125 0.048828125 0.0888671875
0 0.546875 0.2158203125 0.041015625 0.0712890625
0 0.416015625 0.3271484375 0.0458984375 0.0849609375
0 0.640625 0.2470703125 0.041015625 0.072265625
0 0.318359375 0.3388671875 0.0478515625 0.0859375
0 0.611328125 0.19140625 0.037109375 0.0654296875
0 0.5859375 0.2705078125 0.0419921875 0.076171875
0 0.2861328125 0.298828125 0.044921875 0.078125
0 0.71875 0.1796875 0.0380859375 0.068359375
0 0.7275390625 0.310546875 0.044921875 0.0791015625
0 0.75390625 0.2431640625 0.041015625 0.0693359375
0 0.5966796875 0.369140625 0.0478515625 0.0849609375
0 0.3525390625 0.263671875 0.04296875 0.0751953125
0 0.6904296875 0.205078125 0.0380859375 0.06640625