0 0.4140625 0.8359375 0.12890625 0.203125
0 0.552734375 0.798828125 0.12109375 0.19140625
0 0.4482421875 0.375 0.099609375 0.15625
0 0.490234375 0.1806640625 0.083984375 0.130859375
0 0.4033203125 0.5068359375 0.107421875 0.166015625
0 0.33984375 0.4375 0.103515625 0.1640625
0 0.2626953125 0.255859375 0.09765625 0.15234375
0 0.5458984375 0.341796875 0.091796875 0.1484375
0 0.6455078125 0.6513671875 0.111328125 0.173828125
0 0.2783203125 0.1181640625 0.0859375 0.138671875
0 0.41796875 0.0234375 0.06640625 0.046875