0 0.4140625 0.3642578125 0.052734375 0.078125
0 0.4130859375 0.4697265625 0.072265625 0.1015625
0 0.4541015625 0.3837890625 0.05859375 0.078125
0 0.19140625 0.517578125 0.0703125 0.09765625
0 0.474609375 0.3291015625 0.05078125 0.072265625
0 0.4716796875 0.44921875 0.0703125 0.1015625
0 0.5966796875 0.37109375 0.064453125 0.08984375
0 0.5068359375 0.357421875 0.056640625 0.080078125
0 0.2216796875 0.455078125 0.060546875 0.083984375
0 0.578125 0.2919921875 0.048828125 0.068359375
0 0.5517578125 0.3154296875 0.052734375 0.076171875
0 0.2900390625 0.478515625 0.06640625 0.09375
0 0.6162109375 0.322265625 0.0546875 0.078125