0 0.625 0.4697265625 0.048828125 0.087890625
0 0.6279296875 0.3408203125 0.037109375 0.0654296875
0 0.5048828125 0.42578125 0.046875 0.08203125
0 0.6826171875 0.4736328125 0.048828125 0.0859375
0 0.3779296875 0.392578125 0.044921875 0.0791015625
0 0.689453125 0.32421875 0.037109375 0.0625
0 0.66796875 0.390625 0.0400390625 0.072265625
0 0.4091796875 0.4296875 0.048828125 0.0849609375
0 0.720703125 0.3740234375 0.041015625 0.072265625
0 0.83203125 0.3779296875 0.041015625 0.0693359375
0 0.767578125 0.3427734375 0.0390625 0.06640625
0 0.439453125 0.3681640625 0.04296875 0.0751953125
0 0.810546875 0.4326171875 0.0458984375 0.0791015625