0 0.4638671875 0.8828125 0.16015625 0.22265625
0 0.1494140625 0.3662109375 0.134765625 0.181640625
0 0.4697265625 0.4189453125 0.1171875 0.166015625
0 0.359375 0.4599609375 0.12890625 0.17578125
0 0.4111328125 0.2685546875 0.10546875 0.142578125
0 0.2294921875 0.5400390625 0.13671875 0.189453125
0 0.3017578125 0.6005859375 0.142578125 0.197265625
0 0.568359375 0.716796875 0.14453125 0.201171875
0 0.1748046875 0.228515625 0.111328125 0.150390625
0 0.341796875 0.091796875 0.095703125 0.134765625
0 0.3095703125 0.900390625 0.150390625 0.154296875