0 0.4052734375 0.40234375 0.056640625 0.09375
0 0.462890625 0.283203125 0.05078125 0.08203125
0 0.5205078125 0.2451171875 0.048828125 0.078125
0 0.177734375 0.431640625 0.05859375 0.09375
0 0.283203125 0.3896484375 0.056640625 0.091796875
0 0.4072265625 0.28515625 0.048828125 0.08203125
0 0.46484375 0.380859375 0.052734375 0.091796875
0 0.220703125 0.341796875 0.052734375 0.083984375
0 0.6044921875 0.1552734375 0.041015625 0.0703125
0 0.5732421875 0.1865234375 0.044921875 0.07421875
0 0.494140625 0.193359375 0.041015625 0.068359375
0 0.634765625 0.2080078125 0.044921875 0.07421875
0 0.60546875 0.283203125 0.052734375 0.087890625