0 0.5166015625 0.544921875 0.0703125 0.1015625
0 0.5732421875 0.517578125 0.068359375 0.099609375
0 0.39453125 0.54296875 0.068359375 0.09765625
0 0.30078125 0.6005859375 0.068359375 0.099609375
0 0.6083984375 0.3505859375 0.060546875 0.0859375
0 0.5546875 0.4013671875 0.060546875 0.08984375
0 0.51171875 0.353515625 0.056640625 0.08203125
0 0.57421875 0.294921875 0.0546875 0.078125
0 0.6796875 0.234375 0.0546875 0.080078125
0 0.328125 0.4951171875 0.0625 0.087890625
0 0.6533203125 0.2744140625 0.056640625 0.08203125
0 0.5 0.41015625 0.060546875 0.08984375
0 0.7236328125 0.29296875 0.060546875 0.083984375
0 0.703125 0.38671875 0.064453125 0.09375