0 0.400390625 0.5673828125 0.12890625 0.181640625
0 0.5595703125 0.40625 0.10546875 0.15234375
0 0.5322265625 0.8642578125 0.142578125 0.205078125
0 0.4580078125 0.4365234375 0.115234375 0.162109375
0 0.5146484375 0.2451171875 0.095703125 0.13671875
0 0.2763671875 0.31640625 0.111328125 0.15625
0 0.634765625 0.720703125 0.125 0.1796875
0 0.33984375 0.49609375 0.123046875 0.17578125
0 0.3046875 0.1806640625 0.09765625 0.138671875
0 0.3837890625 0.8896484375 0.140625 0.1953125
0 0.458984375 0.0595703125 0.0859375 0.119140625