0 0.58203125 0.259765625 0.0380859375 0.06640625
0 0.4609375 0.359375 0.0458984375 0.0830078125
0 0.3330078125 0.341796875 0.0419921875 0.0751953125
0 0.623046875 0.3046875 0.0419921875 0.076171875
0 0.6435546875 0.2373046875 0.0361328125 0.0634765625
0 0.748046875 0.224609375 0.0361328125 0.0625
0 0.67578125 0.2841796875 0.041015625 0.0712890625
0 0.58203125 0.3955078125 0.046875 0.0849609375
0 0.3955078125 0.30859375 0.0439453125 0.078125
0 0.7861328125 0.2763671875 0.0400390625 0.0693359375
0 0.7646484375 0.333984375 0.044921875 0.076171875
0 0.638671875 0.390625 0.0458984375 0.08203125
0 0.3671875 0.3759765625 0.0458984375 0.08203125