0 0.6904296875 0.763671875 0.158203125 0.21484375
0 0.5751953125 0.8720703125 0.1640625 0.2265625
0 0.4111328125 0.427734375 0.123046875 0.16796875
0 0.48828125 0.34765625 0.119140625 0.1640625
0 0.7099609375 0.5751953125 0.140625 0.193359375
0 0.3359375 0.54296875 0.130859375 0.1796875
0 0.3662109375 0.2314453125 0.10546875 0.140625
0 0.189453125 0.4208984375 0.123046875 0.166015625
0 0.42578125 0.5732421875 0.13671875 0.185546875
0 0.1455078125 0.2861328125 0.10546875 0.146484375
0 0.2265625 0.107421875 0.08984375 0.11328125