0 0.5869140625 0.3916015625 0.05078125 0.076171875
0 0.4921875 0.3837890625 0.05078125 0.076171875
0 0.541015625 0.4296875 0.052734375 0.078125
0 0.3046875 0.5703125 0.0625 0.091796875
0 0.39453125 0.53125 0.05859375 0.0859375
0 0.572265625 0.5302734375 0.060546875 0.091796875
0 0.51953125 0.5478515625 0.064453125 0.095703125
0 0.265625 0.5361328125 0.0546875 0.08203125
0 0.3193359375 0.4814453125 0.056640625 0.08203125
0 0.5458984375 0.33984375 0.044921875 0.068359375
0 0.64453125 0.3046875 0.046875 0.06640625
0 0.6240234375 0.3359375 0.048828125 0.0703125
0 0.6904296875 0.359375 0.05078125 0.072265625
0 0.68359375 0.4365234375 0.0546875 0.08203125