0 0.2490234375 0.5009765625 0.0751953125 0.1337890625
0 0.2763671875 0.4248046875 0.052734375 0.0556640625
0 0.3447265625 0.7294921875 0.1162109375 0.203125
0 0.3017578125 0.564453125 0.0791015625 0.1513671875
0 0.5234375 0.521484375 0.080078125 0.1396484375
0 0.30859375 0.4599609375 0.0673828125 0.0947265625
0 0.421875 0.3994140625 0.056640625 0.08984375
0 0.4296875 0.478515625 0.0732421875 0.091796875
0 0.365234375 0.5830078125 0.08984375 0.140625
0 0.474609375 0.4658203125 0.0625 0.1181640625
0 0.423828125 0.5380859375 0.0810546875 0.1435546875
0 0.5029296875 0.712890625 0.11328125 0.2001953125
0 0.61328125 0.6357421875 0.0986328125 0.1484375