0 0.625 0.48828125 0.0478515625 0.087890625
0 0.5048828125 0.443359375 0.046875 0.0830078125
0 0.6826171875 0.490234375 0.048828125 0.0859375
0 0.6279296875 0.359375 0.037109375 0.06640625
0 0.41015625 0.4462890625 0.0478515625 0.0859375
0 0.6884765625 0.3427734375 0.037109375 0.0634765625
0 0.3779296875 0.4111328125 0.041015625 0.078125
0 0.720703125 0.392578125 0.041015625 0.0712890625
0 0.66796875 0.408203125 0.0400390625 0.0751953125
0 0.83203125 0.3974609375 0.041015625 0.0693359375
0 0.7939453125 0.3427734375 0.03515625 0.0625
0 0.439453125 0.3857421875 0.0439453125 0.0751953125
0 0.810546875 0.451171875 0.0458984375 0.078125