0 0.4384765625 0.4736328125 0.056640625 0.09375
0 0.3212890625 0.423828125 0.056640625 0.091796875
0 0.4794921875 0.283203125 0.046875 0.078125
0 0.216796875 0.4453125 0.05859375 0.091796875
0 0.5087890625 0.3447265625 0.048828125 0.08203125
0 0.2685546875 0.3525390625 0.052734375 0.08203125
0 0.6484375 0.3876953125 0.05078125 0.0859375
0 0.552734375 0.2470703125 0.041015625 0.068359375
0 0.4990234375 0.4677734375 0.056640625 0.09375
0 0.5712890625 0.3154296875 0.046875 0.076171875
0 0.6904296875 0.302734375 0.046875 0.076171875
0 0.666015625 0.23046875 0.04296875 0.068359375
0 0.455078125 0.3330078125 0.046875 0.078125
0 0.6318359375 0.2607421875 0.04296875 0.0703125