0 0.58984375 0.5478515625 0.064453125 0.09765625
0 0.6513671875 0.5302734375 0.0625 0.09765625
0 0.4677734375 0.5234375 0.060546875 0.09375
0 0.646484375 0.4189453125 0.0546875 0.0859375
0 0.369140625 0.5615234375 0.0625 0.09375
0 0.6767578125 0.3232421875 0.05078125 0.076171875
0 0.70703125 0.37890625 0.0546875 0.083984375
0 0.6083984375 0.3701171875 0.048828125 0.076171875
0 0.794921875 0.2822265625 0.048828125 0.07421875
0 0.4091796875 0.470703125 0.0546875 0.083984375
0 0.8330078125 0.3427734375 0.056640625 0.083984375
0 0.5888671875 0.4189453125 0.052734375 0.08203125
0 0.7626953125 0.3173828125 0.05078125 0.078125
0 0.80078125 0.4306640625 0.060546875 0.08984375