0 0.5205078125 0.50390625 0.05078125 0.08984375
0 0.3046875 0.4990234375 0.05078125 0.0859375
0 0.3994140625 0.4697265625 0.048828125 0.083984375
0 0.5771484375 0.4912109375 0.048828125 0.0859375
0 0.6240234375 0.34375 0.04296875 0.072265625
0 0.53125 0.322265625 0.041015625 0.068359375
0 0.337890625 0.4072265625 0.046875 0.076171875
0 0.5146484375 0.3720703125 0.04296875 0.076171875
0 0.7373046875 0.3212890625 0.041015625 0.0703125
0 0.673828125 0.287109375 0.041015625 0.06640625
0 0.595703125 0.283203125 0.037109375 0.06640625
0 0.5693359375 0.3798828125 0.04296875 0.07421875
0 0.703125 0.2548828125 0.0390625 0.06640625
0 0.7099609375 0.4033203125 0.046875 0.078125