0 0.4453125 0.49609375 0.064453125 0.09765625
0 0.3212890625 0.4755859375 0.0625 0.091796875
0 0.224609375 0.521484375 0.06640625 0.09765625
0 0.4423828125 0.2998046875 0.052734375 0.080078125
0 0.4873046875 0.3564453125 0.056640625 0.0859375
0 0.5390625 0.3115234375 0.0546875 0.078125
0 0.50390625 0.4765625 0.064453125 0.09765625
0 0.25390625 0.416015625 0.060546875 0.0859375
0 0.505859375 0.2490234375 0.048828125 0.072265625
0 0.611328125 0.205078125 0.05078125 0.07421875
0 0.6513671875 0.2724609375 0.052734375 0.080078125
0 0.4306640625 0.3564453125 0.052734375 0.080078125
0 0.5859375 0.2421875 0.05078125 0.076171875
0 0.630859375 0.3662109375 0.056640625 0.0859375