0 0.28125 0.8427734375 0.107421875 0.1943359375
0 0.2763671875 0.53125 0.0927734375 0.16015625
0 0.32421875 0.404296875 0.0849609375 0.150390625
0 0.517578125 0.6650390625 0.091796875 0.16796875
0 0.2109375 0.4658203125 0.0908203125 0.16015625
0 0.4228515625 0.373046875 0.0791015625 0.1455078125
0 0.13671875 0.296875 0.0869140625 0.1455078125
0 0.3662109375 0.224609375 0.068359375 0.1259765625
0 0.19140625 0.2275390625 0.080078125 0.1416015625
0 0.423828125 0.80859375 0.1015625 0.18359375
0 0.30078125 0.05078125 0.0615234375 0.1015625