0 0.4970703125 0.494140625 0.0517578125 0.0927734375
0 0.5537109375 0.3759765625 0.044921875 0.080078125
0 0.5859375 0.287109375 0.0400390625 0.0693359375
0 0.376953125 0.4716796875 0.0498046875 0.087890625
0 0.5576171875 0.4794921875 0.048828125 0.091796875
0 0.697265625 0.255859375 0.0400390625 0.0693359375
0 0.51953125 0.3271484375 0.041015625 0.0732421875
0 0.73046875 0.310546875 0.04296875 0.0732421875
0 0.27734375 0.505859375 0.05078125 0.0888671875
0 0.318359375 0.419921875 0.044921875 0.080078125
0 0.666015625 0.2841796875 0.041015625 0.0732421875
0 0.6142578125 0.33984375 0.0419921875 0.0751953125
0 0.69921875 0.388671875 0.0478515625 0.0849609375