0 0.587890625 0.2802734375 0.0390625 0.072265625
0 0.6552734375 0.2529296875 0.0380859375 0.0693359375
0 0.685546875 0.2822265625 0.044921875 0.076171875
0 0.4482421875 0.373046875 0.0498046875 0.087890625
0 0.626953125 0.3037109375 0.0439453125 0.068359375
0 0.76953125 0.2275390625 0.0380859375 0.068359375
0 0.73828125 0.248046875 0.0400390625 0.068359375
0 0.31640625 0.376953125 0.04296875 0.08203125
0 0.6337890625 0.369140625 0.048828125 0.0888671875
0 0.8046875 0.2607421875 0.046875 0.076171875
0 0.572265625 0.37890625 0.052734375 0.091796875
0 0.7763671875 0.3076171875 0.048828125 0.08203125
0 0.3857421875 0.3427734375 0.044921875 0.078125