0 0.560546875 0.5068359375 0.06640625 0.099609375
0 0.58984375 0.396484375 0.05078125 0.076171875
0 0.66015625 0.3740234375 0.048828125 0.0703125
0 0.6240234375 0.4306640625 0.0546875 0.08203125
0 0.4384765625 0.4833984375 0.0625 0.095703125
0 0.7744140625 0.3603515625 0.048828125 0.0703125
0 0.623046875 0.5009765625 0.064453125 0.095703125
0 0.6845703125 0.4111328125 0.0546875 0.080078125
0 0.306640625 0.4716796875 0.056640625 0.08984375
0 0.8056640625 0.4013671875 0.0546875 0.080078125
0 0.3798828125 0.4423828125 0.05859375 0.083984375
0 0.7412109375 0.37890625 0.05078125 0.076171875
0 0.7705078125 0.4501953125 0.060546875 0.087890625