0 0.5029296875 0.7109375 0.11328125 0.2001953125
0 0.275390625 0.423828125 0.0517578125 0.0546875
0 0.2490234375 0.4990234375 0.0751953125 0.1337890625
0 0.3095703125 0.4580078125 0.0654296875 0.0947265625
0 0.421875 0.3974609375 0.056640625 0.0888671875
0 0.30078125 0.5625 0.078125 0.1513671875
0 0.5224609375 0.51953125 0.080078125 0.138671875
0 0.474609375 0.46484375 0.0625 0.1181640625
0 0.365234375 0.58203125 0.0888671875 0.142578125
0 0.423828125 0.5361328125 0.08203125 0.14453125
0 0.611328125 0.6357421875 0.0986328125 0.1494140625
0 0.4296875 0.4765625 0.07421875 0.091796875
0 0.34375 0.728515625 0.11328125 0.2001953125