0 0.3642578125 0.810546875 0.15234375 0.2109375
0 0.5068359375 0.7978515625 0.1484375 0.205078125
0 0.4052734375 0.484375 0.134765625 0.18359375
0 0.470703125 0.361328125 0.119140625 0.166015625
0 0.541015625 0.1767578125 0.099609375 0.140625
0 0.3525390625 0.4072265625 0.125 0.171875
0 0.5712890625 0.345703125 0.111328125 0.15625
0 0.3056640625 0.21484375 0.119140625 0.162109375
0 0.619140625 0.6650390625 0.1328125 0.185546875
0 0.341796875 0.0791015625 0.10546875 0.14453125
0 0.4951171875 0.0185546875 0.072265625 0.037109375