0 0.5009765625 0.482421875 0.048828125 0.087890625
0 0.517578125 0.298828125 0.041015625 0.0712890625
0 0.3828125 0.447265625 0.0478515625 0.0830078125
0 0.2841796875 0.474609375 0.0517578125 0.0888671875
0 0.583984375 0.26171875 0.0380859375 0.068359375
0 0.662109375 0.265625 0.0390625 0.068359375
0 0.5595703125 0.474609375 0.0458984375 0.0849609375
0 0.6923828125 0.2353515625 0.037109375 0.0654296875
0 0.724609375 0.3037109375 0.0400390625 0.0712890625
0 0.5537109375 0.3583984375 0.04296875 0.078125
0 0.6953125 0.3857421875 0.0458984375 0.080078125
0 0.5 0.3505859375 0.041015625 0.0732421875
0 0.322265625 0.3837890625 0.04296875 0.0751953125
0 0.611328125 0.32421875 0.0390625 0.0712890625