0 0.3017578125 0.49609375 0.052734375 0.08984375
0 0.583984375 0.4814453125 0.05078125 0.091796875
0 0.5888671875 0.373046875 0.046875 0.080078125
0 0.404296875 0.4638671875 0.05078125 0.087890625
0 0.556640625 0.322265625 0.04296875 0.072265625
0 0.62890625 0.2822265625 0.0390625 0.0703125
0 0.6513671875 0.337890625 0.046875 0.078125
0 0.74609375 0.25 0.041015625 0.06640625
0 0.349609375 0.41015625 0.044921875 0.076171875
0 0.521484375 0.4931640625 0.05078125 0.08984375
0 0.533203125 0.3681640625 0.044921875 0.080078125
0 0.736328125 0.3896484375 0.05078125 0.0859375
0 0.7744140625 0.310546875 0.044921875 0.076171875
0 0.7109375 0.2822265625 0.04296875 0.072265625