0 0.4677734375 0.361328125 0.0390625 0.0732421875
0 0.4462890625 0.462890625 0.05078125 0.091796875
0 0.3251953125 0.4482421875 0.0498046875 0.087890625
0 0.5029296875 0.38671875 0.04296875 0.068359375
0 0.6416015625 0.3212890625 0.037109375 0.06640625
0 0.5595703125 0.37109375 0.0419921875 0.072265625
0 0.22265625 0.4677734375 0.0498046875 0.0888671875
0 0.533203125 0.337890625 0.0361328125 0.0634765625
0 0.2646484375 0.4150390625 0.04296875 0.076171875
0 0.5068359375 0.453125 0.048828125 0.08984375
0 0.673828125 0.357421875 0.041015625 0.0693359375
0 0.611328125 0.3388671875 0.037109375 0.06640625
0 0.64453125 0.400390625 0.0458984375 0.08203125