0 0.400390625 0.4072265625 0.052734375 0.091796875
0 0.451171875 0.28515625 0.046875 0.080078125
0 0.5068359375 0.244140625 0.0439453125 0.076171875
0 0.1748046875 0.4482421875 0.0537109375 0.091796875
0 0.27734375 0.4013671875 0.0517578125 0.0888671875
0 0.396484375 0.2900390625 0.044921875 0.0791015625
0 0.458984375 0.3828125 0.048828125 0.08984375
0 0.212890625 0.3564453125 0.048828125 0.08203125
0 0.5859375 0.150390625 0.0380859375 0.068359375
0 0.556640625 0.18359375 0.041015625 0.072265625
0 0.478515625 0.1943359375 0.037109375 0.06640625
0 0.619140625 0.201171875 0.041015625 0.0712890625
0 0.59375 0.2783203125 0.0478515625 0.0849609375