0 0.671875 0.31640625 0.05078125 0.080078125
0 0.7060546875 0.3447265625 0.056640625 0.076171875
0 0.513671875 0.3759765625 0.06640625 0.095703125
0 0.7685546875 0.337890625 0.056640625 0.08203125
0 0.8642578125 0.3017578125 0.05078125 0.07421875
0 0.7451171875 0.3037109375 0.052734375 0.076171875
0 0.69921875 0.408203125 0.06640625 0.099609375
0 0.6357421875 0.408203125 0.06640625 0.09765625
0 0.3857421875 0.353515625 0.056640625 0.0859375
0 0.89453125 0.3408203125 0.05859375 0.083984375
0 0.828125 0.3154296875 0.052734375 0.076171875
0 0.8564453125 0.376953125 0.064453125 0.09375
0 0.4599609375 0.3359375 0.056640625 0.08203125