0 0.50390625 0.4072265625 0.041015625 0.0693359375
0 0.4990234375 0.5791015625 0.048828125 0.0888671875
0 0.5556640625 0.568359375 0.0458984375 0.0830078125
0 0.3798828125 0.54296875 0.0458984375 0.080078125
0 0.3154296875 0.482421875 0.044921875 0.0751953125
0 0.5654296875 0.37109375 0.0361328125 0.0625
0 0.251953125 0.5283203125 0.046875 0.08203125
0 0.6689453125 0.3486328125 0.0361328125 0.0615234375
0 0.703125 0.412109375 0.041015625 0.068359375
0 0.5439453125 0.462890625 0.0390625 0.072265625
0 0.6416015625 0.3779296875 0.0380859375 0.06640625
0 0.6796875 0.4892578125 0.0439453125 0.0751953125
0 0.595703125 0.4306640625 0.0380859375 0.0693359375
0 0.2841796875 0.5703125 0.0498046875 0.0849609375