0 0.40234375 0.89453125 0.1259765625 0.205078125
0 0.322265625 0.568359375 0.107421875 0.1904296875
0 0.5478515625 0.806640625 0.1181640625 0.2138671875
0 0.34375 0.416015625 0.09765625 0.162109375
0 0.3486328125 0.21484375 0.078125 0.1318359375
0 0.4423828125 0.3525390625 0.0849609375 0.16015625
0 0.234375 0.5244140625 0.099609375 0.181640625
0 0.11328125 0.373046875 0.0986328125 0.16796875
0 0.61328125 0.62109375 0.1005859375 0.1845703125
0 0.103515625 0.2236328125 0.0791015625 0.1357421875
0 0.2373046875 0.0615234375 0.0693359375 0.1220703125