0 0.4990234375 0.1064453125 0.0546875 0.078125
0 0.4619140625 0.2509765625 0.068359375 0.09765625
0 0.5888671875 0.140625 0.0546875 0.080078125
0 0.2392578125 0.2119140625 0.0703125 0.09765625
0 0.6630859375 0.201171875 0.05859375 0.0859375
0 0.34375 0.2041015625 0.064453125 0.091796875
0 0.701171875 0.1416015625 0.0546875 0.080078125
0 0.521484375 0.2509765625 0.064453125 0.09375
0 0.568359375 0.0849609375 0.05078125 0.076171875
0 0.529296875 0.1591796875 0.05859375 0.0859375
0 0.2109375 0.1708984375 0.064453125 0.09375
0 0.6455078125 0.1025390625 0.052734375 0.078125
0 0.287109375 0.142578125 0.0625 0.0859375
0 0.67578125 0.083984375 0.046875 0.0703125