0 0.5888671875 0.4228515625 0.05859375 0.08203125
0 0.2666015625 0.42578125 0.060546875 0.08984375
0 0.5625 0.3896484375 0.048828125 0.078125
0 0.6533203125 0.4150390625 0.0546875 0.080078125
0 0.7333984375 0.4599609375 0.064453125 0.09375
0 0.509765625 0.4912109375 0.06640625 0.09765625
0 0.75390625 0.376953125 0.05078125 0.072265625
0 0.7763671875 0.419921875 0.0546875 0.080078125
0 0.3935546875 0.453125 0.0625 0.091796875
0 0.345703125 0.408203125 0.056640625 0.083984375
0 0.5732421875 0.4921875 0.064453125 0.099609375
0 0.7158203125 0.390625 0.05078125 0.076171875
0 0.6376953125 0.3642578125 0.04296875 0.05078125