0 0.63671875 0.4013671875 0.072265625 0.103515625
0 0.7177734375 0.33203125 0.05859375 0.078125
0 0.6884765625 0.302734375 0.052734375 0.078125
0 0.78515625 0.3232421875 0.05859375 0.0859375
0 0.7021484375 0.400390625 0.0703125 0.1015625
0 0.5185546875 0.369140625 0.06640625 0.09765625
0 0.4130859375 0.376953125 0.06640625 0.09765625
0 0.8505859375 0.296875 0.0546875 0.078125
0 0.4697265625 0.3291015625 0.05859375 0.0859375
0 0.890625 0.2822265625 0.0546875 0.078125
0 0.9169921875 0.3203125 0.060546875 0.0859375
0 0.8701171875 0.365234375 0.06640625 0.09375
0 0.7646484375 0.283203125 0.05078125 0.068359375