1 0.7666015625 0.4423828125 0.103515625 0.154296875
1 0.8583984375 0.0654296875 0.134765625 0.130859375
1 0.7734375 0.0791015625 0.12890625 0.158203125
1 0.08203125 0.259765625 0.107421875 0.12890625
1 0.2509765625 0.2119140625 0.126953125 0.2109375
1 0.275390625 0.544921875 0.078125 0.091796875
1 0.2041015625 0.509765625 0.0703125 0.126953125
1 0.783203125 0.4990234375 0.1171875 0.18359375
1 0.228515625 0.591796875 0.095703125 0.177734375
1 0.759765625 0.0615234375 0.09765625 0.123046875
1 0.90625 0.5361328125 0.0859375 0.16015625
1 0.060546875 0.2177734375 0.09375 0.158203125