1 0.7724609375 0.4892578125 0.0791015625 0.1435546875
1 0.9345703125 0.1044921875 0.1064453125 0.177734375
1 0.8466796875 0.111328125 0.0986328125 0.1884765625
1 0.1298828125 0.1904296875 0.087890625 0.1162109375
1 0.3046875 0.1728515625 0.09375 0.1982421875
1 0.271484375 0.5048828125 0.0654296875 0.0810546875
1 0.20703125 0.4580078125 0.0498046875 0.12109375
1 0.779296875 0.5478515625 0.08984375 0.169921875
1 0.216796875 0.54296875 0.068359375 0.16796875
1 0.833984375 0.099609375 0.0751953125 0.138671875
1 0.8935546875 0.6064453125 0.060546875 0.15234375
1 0.1162109375 0.1455078125 0.068359375 0.1494140625