1 0.783203125 0.0859375 0.1328125 0.171875
1 0.759765625 0.447265625 0.10546875 0.150390625
1 0.236328125 0.4453125 0.06640625 0.103515625
1 0.525390625 0.453125 0.080078125 0.125
1 0.2900390625 0.546875 0.078125 0.109375
1 0.3291015625 0.5947265625 0.09375 0.146484375
1 0.064453125 0.2880859375 0.111328125 0.146484375
1 0.0185546875 0.2783203125 0.037109375 0.177734375
1 0.7744140625 0.4931640625 0.125 0.1875
1 0.8515625 0.06640625 0.13671875 0.1328125
1 0.4228515625 0.2177734375 0.0859375 0.234375