1 0.8623046875 0.1240234375 0.095703125 0.2080078125
1 0.7646484375 0.498046875 0.080078125 0.13671875
1 0.251953125 0.396484375 0.048828125 0.0966796875
1 0.5341796875 0.458984375 0.05859375 0.1162109375
1 0.28515625 0.505859375 0.0595703125 0.1005859375
1 0.314453125 0.560546875 0.068359375 0.13671875
1 0.11328125 0.208984375 0.0869140625 0.1318359375
1 0.037109375 0.1845703125 0.0732421875 0.166015625
1 0.7705078125 0.5458984375 0.0927734375 0.1728515625
1 0.935546875 0.107421875 0.1025390625 0.1865234375
1 0.478515625 0.2080078125 0.04296875 0.2294921875