1 0.771484375 0.470703125 0.08984375 0.1484375
1 0.9052734375 0.083984375 0.119140625 0.16796875
1 0.8173828125 0.0927734375 0.111328125 0.185546875
1 0.109375 0.216796875 0.095703125 0.12109375
1 0.2822265625 0.1875 0.107421875 0.205078125
1 0.2724609375 0.5205078125 0.0703125 0.0859375
1 0.205078125 0.478515625 0.05859375 0.125
1 0.7822265625 0.5283203125 0.1015625 0.17578125
1 0.220703125 0.5625 0.080078125 0.171875
1 0.8056640625 0.0771484375 0.083984375 0.14453125
1 0.900390625 0.5791015625 0.0703125 0.15625
1 0.0927734375 0.1728515625 0.078125 0.154296875