1 0.8486328125 0.111328125 0.103515625 0.2109375
1 0.7646484375 0.4892578125 0.083984375 0.138671875
1 0.248046875 0.4052734375 0.052734375 0.09765625
1 0.533203125 0.4580078125 0.0625 0.119140625
1 0.28515625 0.513671875 0.0625 0.103515625
1 0.31640625 0.5673828125 0.072265625 0.138671875
1 0.103515625 0.22265625 0.091796875 0.134765625
1 0.0322265625 0.201171875 0.064453125 0.16796875
1 0.771484375 0.5361328125 0.099609375 0.17578125
1 0.921875 0.09375 0.109375 0.1875
1 0.46875 0.208984375 0.05078125 0.23046875