1 0.6748046875 0.494140625 0.0732421875 0.099609375
1 0.90234375 0.8564453125 0.044921875 0.0595703125
1 0.302734375 0.3046875 0.0546875 0.068359375
1 0.30859375 0.2236328125 0.0498046875 0.111328125
1 0.2138671875 0.8017578125 0.0361328125 0.0908203125
1 0.248046875 0.806640625 0.03515625 0.0771484375
1 0.3779296875 0.486328125 0.083984375 0.1298828125
1 0.7080078125 0.259765625 0.0546875 0.0732421875
1 0.7109375 0.3115234375 0.04296875 0.072265625
1 0.7724609375 0.822265625 0.0322265625 0.0439453125
1 0.8037109375 0.806640625 0.03125 0.0732421875
1 0.09765625 0.88671875 0.0419921875 0.072265625