1 0.3837890625 0.4716796875 0.107421875 0.1328125
1 0.5166015625 0.392578125 0.06640625 0.10546875
1 0.572265625 0.4130859375 0.072265625 0.111328125
1 0.0478515625 0.82421875 0.0546875 0.078125
1 0.7939453125 0.9716796875 0.044921875 0.056640625
1 0.7939453125 0.9697265625 0.060546875 0.046875
1 0.7880859375 0.5283203125 0.083984375 0.142578125
1 0.326171875 0.2548828125 0.09375 0.126953125
1 0.18359375 0.345703125 0.140625 0.142578125
1 0.1728515625 0.759765625 0.0546875 0.09375
1 0.12109375 0.705078125 0.048828125 0.115234375
1 0.8583984375 0.84765625 0.05078125 0.09765625
1 0.0966796875 0.875 0.046875 0.0625