1 0.4482421875 0.34375 0.08203125 0.115234375
1 0.2470703125 0.3369140625 0.087890625 0.126953125
1 0.5185546875 0.3837890625 0.076171875 0.103515625
1 0.29296875 0.8603515625 0.05859375 0.1015625
1 0.3076171875 0.97265625 0.064453125 0.0546875
1 0.939453125 0.80859375 0.064453125 0.107421875
1 0.201171875 0.8994140625 0.04296875 0.046875
1 0.2060546875 0.96875 0.056640625 0.0625
1 0.3876953125 0.5166015625 0.111328125 0.1328125
1 0.2373046875 0.556640625 0.0859375 0.091796875
1 0.9052734375 0.8349609375 0.0625 0.083984375
1 0.4921875 0.3193359375 0.0703125 0.099609375