1 0.3115234375 0.513671875 0.0712890625 0.099609375
1 0.384765625 0.486328125 0.0849609375 0.134765625
1 0.6455078125 0.4208984375 0.0634765625 0.1123046875
1 0.8701171875 0.8623046875 0.044921875 0.0859375
1 0.09765625 0.8818359375 0.0537109375 0.0888671875
1 0.8056640625 0.4853515625 0.0732421875 0.1171875
1 0.90234375 0.791015625 0.0380859375 0.06640625
1 0.216796875 0.8203125 0.044921875 0.0859375
1 0.2607421875 0.7685546875 0.0361328125 0.099609375
1 0.2421875 0.2216796875 0.068359375 0.1142578125
1 0.32421875 0.2802734375 0.056640625 0.1083984375