1 0.3896484375 0.4658203125 0.107421875 0.140625
1 0.0341796875 0.8056640625 0.0546875 0.06640625
1 0.8544921875 0.853515625 0.048828125 0.076171875
1 0.828125 0.5810546875 0.08203125 0.130859375
1 0.14453125 0.7314453125 0.04296875 0.060546875
1 0.1787109375 0.7314453125 0.044921875 0.056640625
1 0.7841796875 0.2412109375 0.0625 0.099609375
1 0.73828125 0.8544921875 0.046875 0.0390625
1 0.8076171875 0.3720703125 0.064453125 0.08984375
1 0.275390625 0.2900390625 0.06640625 0.095703125
1 0.669921875 0.845703125 0.044921875 0.07421875
1 0.2763671875 0.224609375 0.068359375 0.11328125