1 0.4580078125 0.2236328125 0.087890625 0.125
1 0.3916015625 0.453125 0.107421875 0.1328125
1 0.646484375 0.470703125 0.095703125 0.095703125
1 0.59375 0.2724609375 0.0703125 0.09765625
1 0.021484375 0.7734375 0.04296875 0.0703125
1 0.1640625 0.77734375 0.072265625 0.1015625
1 0.5537109375 0.40234375 0.08984375 0.14453125
1 0.3046875 0.1611328125 0.09375 0.115234375
1 0.64453125 0.9677734375 0.0625 0.064453125
1 0.1943359375 0.69140625 0.056640625 0.099609375
1 0.7431640625 0.9755859375 0.068359375 0.048828125
1 0.76171875 0.9560546875 0.056640625 0.06640625