1 0.212890625 0.4306640625 0.072265625 0.1328125
1 0.390625 0.5009765625 0.095703125 0.12890625
1 0.1650390625 0.9462890625 0.056640625 0.0703125
1 0.7568359375 0.326171875 0.072265625 0.095703125
1 0.4990234375 0.353515625 0.06640625 0.11328125
1 0.20703125 0.8330078125 0.05078125 0.08984375
1 0.876953125 0.755859375 0.044921875 0.037109375
1 0.2607421875 0.8388671875 0.05078125 0.091796875
1 0.9619140625 0.7607421875 0.046875 0.064453125
1 0.736328125 0.482421875 0.072265625 0.11328125
1 0.2607421875 0.3134765625 0.0859375 0.12890625
1 0.896484375 0.86328125 0.05078125 0.07421875