1 0.3759765625 0.509765625 0.10546875 0.142578125
1 0.6845703125 0.2685546875 0.064453125 0.095703125
1 0.6962890625 0.20703125 0.068359375 0.0859375
1 0.8134765625 0.7568359375 0.052734375 0.056640625
1 0.8583984375 0.7431640625 0.046875 0.076171875
1 0.1787109375 0.955078125 0.05859375 0.08203125
1 0.2421875 0.841796875 0.046875 0.07421875
1 0.314453125 0.87109375 0.052734375 0.095703125
1 0.275390625 0.8583984375 0.048828125 0.091796875
1 0.1953125 0.41015625 0.07421875 0.107421875
1 0.2587890625 0.3212890625 0.087890625 0.126953125
1 0.2939453125 0.275390625 0.0703125 0.123046875