1 0.4873046875 0.3359375 0.0576171875 0.1044921875
1 0.2939453125 0.2802734375 0.0625 0.1162109375
1 0.5458984375 0.3916015625 0.0556640625 0.0927734375
1 0.2119140625 0.7998046875 0.0361328125 0.095703125
1 0.1953125 0.9287109375 0.046875 0.0791015625
1 0.8515625 0.9052734375 0.0419921875 0.1005859375
1 0.11328125 0.8154296875 0.03515625 0.0400390625
1 0.1005859375 0.8896484375 0.04296875 0.0654296875
1 0.38671875 0.4892578125 0.0859375 0.1162109375
1 0.2314453125 0.4912109375 0.068359375 0.078125
1 0.8125 0.9228515625 0.044921875 0.0751953125
1 0.5361328125 0.3232421875 0.0498046875 0.0908203125