1 0.4140625 0.408203125 0.07421875 0.107421875
1 0.322265625 0.2021484375 0.080078125 0.12109375
1 0.1884765625 0.3203125 0.078125 0.119140625
1 0.3115234375 0.8330078125 0.05859375 0.09375
1 0.2607421875 0.966796875 0.056640625 0.06640625
1 0.3916015625 0.8876953125 0.0625 0.09765625
1 0.5625 0.373046875 0.080078125 0.12109375
1 0.736328125 0.2626953125 0.080078125 0.076171875
1 0.708984375 0.12890625 0.125 0.138671875
1 0.9384765625 0.7998046875 0.056640625 0.091796875
1 0.8662109375 0.7216796875 0.044921875 0.060546875
1 0.7880859375 0.7158203125 0.056640625 0.10546875