1 0.7041015625 0.431640625 0.115234375 0.138671875
1 0.58984375 0.4912109375 0.05859375 0.10546875
1 0.302734375 0.2724609375 0.083984375 0.123046875
1 0.859375 0.8408203125 0.046875 0.13671875
1 0.8857421875 0.9189453125 0.046875 0.0625
1 0.193359375 0.7861328125 0.044921875 0.08984375
1 0.1650390625 0.91796875 0.046875 0.048828125
1 0.0791015625 0.86328125 0.044921875 0.068359375
1 0.380859375 0.4853515625 0.099609375 0.12890625
1 0.8056640625 0.3720703125 0.060546875 0.1015625
1 0.8154296875 0.8056640625 0.041015625 0.0703125
1 0.4892578125 0.3583984375 0.076171875 0.09375