1 0.701171875 0.4248046875 0.111328125 0.134765625
1 0.5888671875 0.48828125 0.0546875 0.103515625
1 0.294921875 0.279296875 0.080078125 0.119140625
1 0.87109375 0.828125 0.04296875 0.134765625
1 0.900390625 0.9052734375 0.044921875 0.060546875
1 0.2041015625 0.796875 0.04296875 0.087890625
1 0.1796875 0.9287109375 0.044921875 0.046875
1 0.091796875 0.8779296875 0.04296875 0.06640625
1 0.3798828125 0.4892578125 0.095703125 0.125
1 0.8017578125 0.361328125 0.056640625 0.099609375
1 0.826171875 0.794921875 0.0390625 0.0703125
1 0.484375 0.359375 0.072265625 0.091796875