1 0.2431640625 0.318359375 0.064453125 0.09765625
1 0.3271484375 0.2783203125 0.060546875 0.07421875
1 0.3447265625 0.201171875 0.06640625 0.111328125
1 0.154296875 0.7451171875 0.041015625 0.064453125
1 0.21484375 0.7734375 0.0546875 0.095703125
1 0.177734375 0.7666015625 0.0390625 0.087890625
1 0.3828125 0.4755859375 0.1015625 0.103515625
1 0.7197265625 0.27734375 0.064453125 0.076171875
1 0.73046875 0.3427734375 0.056640625 0.0703125
1 0.7265625 0.8701171875 0.03515625 0.046875
1 0.767578125 0.84375 0.048828125 0.08203125
1 0.0546875 0.83203125 0.052734375 0.072265625