1 0.6748046875 0.5 0.076171875 0.1015625
1 0.8896484375 0.8701171875 0.046875 0.060546875
1 0.3095703125 0.2978515625 0.056640625 0.0703125
1 0.318359375 0.216796875 0.052734375 0.11328125
1 0.203125 0.7919921875 0.0390625 0.091796875
1 0.2373046875 0.7978515625 0.037109375 0.078125
1 0.37890625 0.482421875 0.087890625 0.1328125
1 0.7158203125 0.267578125 0.056640625 0.07421875
1 0.7177734375 0.3193359375 0.044921875 0.07421875
1 0.7607421875 0.83203125 0.033203125 0.044921875
1 0.79296875 0.8173828125 0.033203125 0.07421875
1 0.083984375 0.8720703125 0.044921875 0.07421875