1 0.376953125 0.5048828125 0.10546875 0.1328125
1 0.6494140625 0.2275390625 0.06640625 0.076171875
1 0.6796875 0.2666015625 0.06640625 0.1015625
1 0.8193359375 0.7880859375 0.04296875 0.052734375
1 0.8525390625 0.7568359375 0.05078125 0.078125
1 0.1630859375 0.9404296875 0.05859375 0.076171875
1 0.2236328125 0.8330078125 0.048828125 0.0703125
1 0.2646484375 0.84375 0.048828125 0.08984375
1 0.298828125 0.841796875 0.048828125 0.091796875
1 0.193359375 0.41796875 0.0703125 0.111328125
1 0.275390625 0.3330078125 0.064453125 0.076171875
1 0.267578125 0.2578125 0.068359375 0.115234375