1 0.6728515625 0.52734375 0.091796875 0.111328125
1 0.8271484375 0.9267578125 0.0546875 0.06640625
1 0.34375 0.2705078125 0.06640625 0.078125
1 0.365234375 0.1923828125 0.0703125 0.119140625
1 0.1611328125 0.7412109375 0.052734375 0.095703125
1 0.1943359375 0.7529296875 0.048828125 0.08203125
1 0.3828125 0.462890625 0.107421875 0.142578125
1 0.75 0.3037109375 0.068359375 0.08203125
1 0.7431640625 0.35546875 0.056640625 0.080078125
1 0.7060546875 0.8681640625 0.0390625 0.048828125
1 0.7392578125 0.859375 0.044921875 0.078125
1 0.03125 0.802734375 0.0546875 0.078125