1 0.3779296875 0.4853515625 0.0869140625 0.12109375
1 0.6904296875 0.25390625 0.056640625 0.068359375
1 0.7138671875 0.2978515625 0.0517578125 0.0947265625
1 0.7705078125 0.8349609375 0.03515625 0.0478515625
1 0.8076171875 0.80859375 0.0390625 0.072265625
1 0.0986328125 0.8828125 0.0478515625 0.0703125
1 0.1748046875 0.7861328125 0.0400390625 0.0654296875
1 0.2138671875 0.802734375 0.0361328125 0.0859375
1 0.248046875 0.8056640625 0.0361328125 0.087890625
1 0.2099609375 0.37109375 0.0556640625 0.103515625
1 0.3046875 0.2998046875 0.0546875 0.0693359375
1 0.30859375 0.224609375 0.0517578125 0.1083984375