1 0.236328125 0.3681640625 0.060546875 0.12890625
1 0.392578125 0.4755859375 0.0859375 0.123046875
1 0.0732421875 0.859375 0.052734375 0.068359375
1 0.7900390625 0.3876953125 0.064453125 0.08984375
1 0.53125 0.357421875 0.05859375 0.109375
1 0.1396484375 0.7587890625 0.044921875 0.0859375
1 0.8095703125 0.833984375 0.04296875 0.033203125
1 0.19140625 0.7763671875 0.04296875 0.08984375
1 0.890625 0.8583984375 0.041015625 0.0625
1 0.734375 0.5361328125 0.064453125 0.109375
1 0.30859375 0.2646484375 0.076171875 0.123046875
1 0.8046875 0.943359375 0.044921875 0.072265625