1 0.2529296875 0.3046875 0.068359375 0.1015625
1 0.33984375 0.26953125 0.0625 0.076171875
1 0.3603515625 0.193359375 0.0703125 0.11328125
1 0.1416015625 0.7265625 0.04296875 0.064453125
1 0.2001953125 0.7587890625 0.05859375 0.09765625
1 0.1640625 0.7490234375 0.04296875 0.087890625
1 0.384765625 0.4697265625 0.10546875 0.107421875
1 0.7314453125 0.2890625 0.068359375 0.078125
1 0.7392578125 0.3544921875 0.060546875 0.072265625
1 0.7060546875 0.8818359375 0.037109375 0.048828125
1 0.7490234375 0.857421875 0.052734375 0.083984375
1 0.0380859375 0.80859375 0.056640625 0.072265625