1 0.3828125 0.45703125 0.111328125 0.146484375
1 0.765625 0.3681640625 0.068359375 0.09765625
1 0.8017578125 0.3173828125 0.0703125 0.087890625
1 0.67578125 0.865234375 0.0546875 0.05859375
1 0.7216796875 0.8720703125 0.048828125 0.076171875
1 0.0234375 0.77734375 0.046875 0.08203125
1 0.1220703125 0.7001953125 0.05078125 0.076171875
1 0.1748046875 0.7578125 0.05859375 0.095703125
1 0.14453125 0.7294921875 0.052734375 0.09375
1 0.26171875 0.2900390625 0.078125 0.109375
1 0.3564453125 0.2353515625 0.091796875 0.12890625
1 0.408203125 0.208984375 0.076171875 0.123046875