1 0.380859375 0.5048828125 0.107421875 0.1328125
1 0.4873046875 0.392578125 0.06640625 0.10546875
1 0.5458984375 0.396484375 0.072265625 0.111328125
1 0.1552734375 0.9365234375 0.0546875 0.078125
1 0.9140625 0.8759765625 0.044921875 0.0625
1 0.912109375 0.8701171875 0.060546875 0.046875
1 0.7841796875 0.4482421875 0.083984375 0.142578125
1 0.265625 0.3125 0.09375 0.126953125
1 0.1533203125 0.439453125 0.140625 0.142578125
1 0.2568359375 0.83984375 0.0546875 0.09375
1 0.1923828125 0.8017578125 0.048828125 0.115234375
1 0.9404296875 0.7353515625 0.05078125 0.09765625
1 0.21484375 0.9697265625 0.046875 0.060546875