1 0.3203125 0.55859375 0.09375 0.11328125
1 0.384765625 0.5146484375 0.115234375 0.150390625
1 0.6220703125 0.3876953125 0.087890625 0.125
1 0.9462890625 0.76171875 0.064453125 0.09375
1 0.201171875 0.958984375 0.07421875 0.08203125
1 0.79296875 0.412109375 0.099609375 0.130859375
1 0.9609375 0.6845703125 0.052734375 0.07421875
1 0.302734375 0.87890625 0.064453125 0.09375
1 0.3330078125 0.818359375 0.05859375 0.10546875
1 0.1826171875 0.2919921875 0.09375 0.126953125
1 0.2763671875 0.3291015625 0.08203125 0.119140625