1 0.3837890625 0.4970703125 0.095703125 0.134765625
1 0.1357421875 0.921875 0.05078125 0.0625
1 0.9375 0.7421875 0.041015625 0.072265625
1 0.837890625 0.4873046875 0.0703125 0.126953125
1 0.22265625 0.8203125 0.037109375 0.056640625
1 0.2548828125 0.810546875 0.041015625 0.052734375
1 0.7021484375 0.1728515625 0.0546875 0.095703125
1 0.8271484375 0.775390625 0.04296875 0.03515625
1 0.759765625 0.2919921875 0.056640625 0.0859375
1 0.2255859375 0.3603515625 0.056640625 0.091796875
1 0.7578125 0.78515625 0.0390625 0.0703125
1 0.208984375 0.296875 0.05859375 0.109375