1 0.22265625 0.3505859375 0.0537109375 0.0927734375
1 0.3017578125 0.30078125 0.0517578125 0.068359375
1 0.3095703125 0.22265625 0.0537109375 0.10546875
1 0.1865234375 0.78515625 0.033203125 0.060546875
1 0.25 0.806640625 0.0439453125 0.091796875
1 0.212890625 0.8037109375 0.0283203125 0.0849609375
1 0.380859375 0.490234375 0.08984375 0.09375
1 0.69140625 0.251953125 0.056640625 0.0693359375
1 0.7099609375 0.3154296875 0.0498046875 0.064453125
1 0.76953125 0.83984375 0.0302734375 0.0439453125
1 0.8076171875 0.80859375 0.0390625 0.078125
1 0.0986328125 0.8837890625 0.044921875 0.06640625