1 0.3115234375 0.513671875 0.0703125 0.099609375
1 0.384765625 0.486328125 0.0859375 0.134765625
1 0.6455078125 0.4208984375 0.0625 0.11328125
1 0.8701171875 0.8623046875 0.044921875 0.0859375
1 0.09765625 0.8818359375 0.0546875 0.08984375
1 0.8056640625 0.4853515625 0.07421875 0.1171875
1 0.90234375 0.791015625 0.0390625 0.06640625
1 0.216796875 0.8203125 0.044921875 0.0859375
1 0.2607421875 0.7685546875 0.03515625 0.099609375
1 0.2421875 0.2216796875 0.068359375 0.11328125
1 0.32421875 0.2802734375 0.056640625 0.109375