1 0.6279296875 0.2373046875 0.05859375 0.10546875
1 0.390625 0.478515625 0.09375 0.119140625
1 0.7158203125 0.8974609375 0.052734375 0.078125
1 0.064453125 0.8525390625 0.0546875 0.078125
1 0.18359375 0.505859375 0.08984375 0.083984375
1 0.0703125 0.76171875 0.0390625 0.05859375
1 0.2138671875 0.76953125 0.044921875 0.08984375
1 0.2548828125 0.7685546875 0.041015625 0.080078125
1 0.2939453125 0.17578125 0.064453125 0.11328125
1 0.314453125 0.2275390625 0.0703125 0.11328125
1 0.5068359375 0.435546875 0.060546875 0.109375
1 0.83984375 0.966796875 0.05078125 0.05078125