1 0.2275390625 0.38671875 0.052734375 0.1259765625
1 0.3916015625 0.4833984375 0.078125 0.1181640625
1 0.099609375 0.888671875 0.0478515625 0.064453125
1 0.78125 0.3681640625 0.05859375 0.0869140625
1 0.521484375 0.35546875 0.05078125 0.1064453125
1 0.158203125 0.783203125 0.0390625 0.083984375
1 0.83203125 0.8115234375 0.041015625 0.0302734375
1 0.2109375 0.796875 0.037109375 0.087890625
1 0.9150390625 0.830078125 0.037109375 0.0595703125
1 0.736328125 0.51953125 0.056640625 0.1064453125
1 0.29296875 0.2783203125 0.068359375 0.119140625
1 0.8349609375 0.9208984375 0.0400390625 0.0693359375