1 0.767578125 0.2529296875 0.052734375 0.10546875
1 0.0947265625 0.7744140625 0.044921875 0.109375
1 0.734375 0.8505859375 0.041015625 0.048828125
1 0.7880859375 0.7802734375 0.033203125 0.068359375
1 0.16015625 0.5341796875 0.076171875 0.1328125
1 0.400390625 0.2197265625 0.068359375 0.103515625
1 0.5400390625 0.1865234375 0.06640625 0.123046875
1 0.2392578125 0.26953125 0.0625 0.126953125
1 0.2373046875 0.783203125 0.0390625 0.1015625
1 0.283203125 0.8779296875 0.044921875 0.076171875
1 0.7314453125 0.9130859375 0.04296875 0.06640625
1 0.65625 0.2041015625 0.07421875 0.060546875