1 0.515625 0.3359375 0.07421875 0.11328125
1 0.3349609375 0.248046875 0.08203125 0.125
1 0.564453125 0.4013671875 0.0703125 0.1015625
1 0.1640625 0.7451171875 0.052734375 0.099609375
1 0.1259765625 0.869140625 0.060546875 0.0859375
1 0.775390625 0.953125 0.05859375 0.09375
1 0.064453125 0.7431640625 0.041015625 0.044921875
1 0.0390625 0.814453125 0.052734375 0.072265625
1 0.390625 0.4697265625 0.10546875 0.12890625
1 0.2373046875 0.4443359375 0.080078125 0.087890625
1 0.7333984375 0.96484375 0.056640625 0.0703125
1 0.56640625 0.33203125 0.064453125 0.09765625