1 0.7763671875 0.2626953125 0.0498046875 0.103515625
1 0.0849609375 0.759765625 0.041015625 0.1083984375
1 0.7216796875 0.8583984375 0.0390625 0.046875
1 0.7783203125 0.7900390625 0.0302734375 0.06640625
1 0.1591796875 0.5224609375 0.072265625 0.130859375
1 0.41015625 0.216796875 0.0654296875 0.1015625
1 0.55078125 0.1884765625 0.0625 0.1201171875
1 0.2470703125 0.2607421875 0.05859375 0.125
1 0.2275390625 0.7734375 0.03515625 0.1005859375
1 0.2705078125 0.8701171875 0.0419921875 0.07421875
1 0.716796875 0.9208984375 0.0400390625 0.0654296875
1 0.666015625 0.2099609375 0.0712890625 0.0576171875