1 0.443359375 0.2265625 0.083984375 0.123046875
1 0.388671875 0.4580078125 0.103515625 0.12890625
1 0.64453125 0.462890625 0.09375 0.091796875
1 0.5810546875 0.267578125 0.06640625 0.095703125
1 0.0283203125 0.7978515625 0.056640625 0.068359375
1 0.1787109375 0.7939453125 0.068359375 0.1015625
1 0.5478515625 0.3994140625 0.083984375 0.14453125
1 0.287109375 0.171875 0.08984375 0.11328125
1 0.66796875 0.9638671875 0.05859375 0.072265625
1 0.2041015625 0.70703125 0.052734375 0.099609375
1 0.7685546875 0.96875 0.064453125 0.0625
1 0.78515625 0.9423828125 0.0546875 0.064453125