1 0.6044921875 0.2275390625 0.0498046875 0.1015625
1 0.3896484375 0.48828125 0.0849609375 0.111328125
1 0.75 0.876953125 0.046875 0.0751953125
1 0.0966796875 0.8896484375 0.048828125 0.07421875
1 0.185546875 0.533203125 0.0830078125 0.0771484375
1 0.0947265625 0.7978515625 0.03515625 0.056640625
1 0.23828125 0.7939453125 0.037109375 0.087890625
1 0.279296875 0.7890625 0.0341796875 0.078125
1 0.2666015625 0.1953125 0.0556640625 0.109375
1 0.291015625 0.2451171875 0.060546875 0.1083984375
1 0.5009765625 0.435546875 0.05078125 0.1044921875
1 0.87890625 0.935546875 0.0478515625 0.0458984375