1 0.55078125 0.212890625 0.068359375 0.109375
1 0.3896484375 0.509765625 0.10546875 0.125
1 0.8173828125 0.822265625 0.060546875 0.08203125
1 0.1787109375 0.958984375 0.0625 0.08203125
1 0.197265625 0.5927734375 0.095703125 0.091796875
1 0.1591796875 0.8701171875 0.044921875 0.0625
1 0.298828125 0.8388671875 0.052734375 0.09375
1 0.3388671875 0.826171875 0.048828125 0.083984375
1 0.212890625 0.2451171875 0.076171875 0.1171875
1 0.24609375 0.2900390625 0.080078125 0.1171875
1 0.48828125 0.4365234375 0.0703125 0.111328125
1 0.955078125 0.85546875 0.056640625 0.0546875