1 0.7001953125 0.4208984375 0.109375 0.1328125
1 0.5888671875 0.486328125 0.0537109375 0.103515625
1 0.291015625 0.283203125 0.078125 0.1181640625
1 0.876953125 0.8212890625 0.0400390625 0.134765625
1 0.9072265625 0.8984375 0.0439453125 0.0595703125
1 0.208984375 0.8017578125 0.041015625 0.087890625
1 0.1875 0.9345703125 0.044921875 0.046875
1 0.0986328125 0.884765625 0.0419921875 0.06640625
1 0.3798828125 0.4912109375 0.0927734375 0.1240234375
1 0.798828125 0.3564453125 0.0546875 0.0986328125
1 0.8310546875 0.7890625 0.037109375 0.0693359375
1 0.4814453125 0.359375 0.0712890625 0.0908203125