1 0.4365234375 0.3916015625 0.0537109375 0.09765625
1 0.3935546875 0.169921875 0.0556640625 0.1123046875
1 0.2373046875 0.2548828125 0.0546875 0.109375
1 0.2412109375 0.7822265625 0.041015625 0.0869140625
1 0.162109375 0.904296875 0.044921875 0.0615234375
1 0.3076171875 0.853515625 0.0439453125 0.08984375
1 0.58984375 0.390625 0.056640625 0.1103515625
1 0.783203125 0.322265625 0.0673828125 0.0634765625
1 0.787109375 0.185546875 0.1005859375 0.119140625
1 0.859375 0.890625 0.0380859375 0.0849609375
1 0.806640625 0.7978515625 0.0341796875 0.0546875
1 0.732421875 0.775390625 0.03515625 0.1005859375