1 0.380859375 0.48828125 0.0908203125 0.1220703125
1 0.501953125 0.3916015625 0.052734375 0.099609375
1 0.5595703125 0.404296875 0.05859375 0.103515625
1 0.09765625 0.8837890625 0.0458984375 0.072265625
1 0.857421875 0.9296875 0.0380859375 0.0576171875
1 0.8564453125 0.923828125 0.0546875 0.0390625
1 0.7890625 0.48828125 0.0654296875 0.1357421875
1 0.2939453125 0.28125 0.0771484375 0.1181640625
1 0.1650390625 0.3916015625 0.1240234375 0.1259765625
1 0.2119140625 0.802734375 0.04296875 0.087890625
1 0.1533203125 0.755859375 0.0341796875 0.111328125
1 0.9033203125 0.7939453125 0.0390625 0.09375
1 0.1533203125 0.927734375 0.0400390625 0.0576171875