1 0.384765625 0.4873046875 0.0849609375 0.126953125
1 0.1005859375 0.888671875 0.044921875 0.0595703125
1 0.9150390625 0.779296875 0.03515625 0.0703125
1 0.837890625 0.5166015625 0.060546875 0.1220703125
1 0.1953125 0.794921875 0.033203125 0.0546875
1 0.228515625 0.7880859375 0.0361328125 0.0498046875
1 0.7294921875 0.19140625 0.0458984375 0.091796875
1 0.8017578125 0.802734375 0.041015625 0.0322265625
1 0.77734375 0.3154296875 0.048828125 0.08203125
1 0.2392578125 0.3369140625 0.0498046875 0.0869140625
1 0.732421875 0.806640625 0.033203125 0.068359375
1 0.2275390625 0.2724609375 0.0498046875 0.10546875