1 0.3876953125 0.244140625 0.0615234375 0.1123046875
1 0.3828125 0.482421875 0.0810546875 0.115234375
1 0.6337890625 0.43359375 0.0791015625 0.0771484375
1 0.53125 0.255859375 0.0498046875 0.0869140625
1 0.1005859375 0.8896484375 0.044921875 0.060546875
1 0.2470703125 0.8544921875 0.0498046875 0.0927734375
1 0.5263671875 0.3916015625 0.0576171875 0.134765625
1 0.2236328125 0.2236328125 0.0693359375 0.1015625
1 0.7626953125 0.9228515625 0.044921875 0.0712890625
1 0.25390625 0.763671875 0.0341796875 0.09375
1 0.86328125 0.916015625 0.048828125 0.080078125
1 0.87109375 0.873046875 0.0439453125 0.056640625