1 0.4580078125 0.3818359375 0.072265625 0.10546875
1 0.4580078125 0.1552734375 0.076171875 0.12109375
1 0.2890625 0.208984375 0.07421875 0.1171875
1 0.1923828125 0.7275390625 0.056640625 0.09375
1 0.0908203125 0.83203125 0.056640625 0.068359375
1 0.244140625 0.810546875 0.060546875 0.095703125
1 0.609375 0.41015625 0.076171875 0.119140625
1 0.8115234375 0.3798828125 0.078125 0.07421875
1 0.841796875 0.24609375 0.12109375 0.13671875
1 0.7783203125 0.9521484375 0.052734375 0.08984375
1 0.744140625 0.8505859375 0.044921875 0.060546875
1 0.67578125 0.814453125 0.052734375 0.10546875