1 0.3759765625 0.486328125 0.0830078125 0.1298828125
1 0.7255859375 0.3076171875 0.0478515625 0.0888671875
1 0.7490234375 0.25 0.0537109375 0.0771484375
1 0.7587890625 0.8115234375 0.0439453125 0.048828125
1 0.8056640625 0.8076171875 0.033203125 0.0703125
1 0.09765625 0.8857421875 0.044921875 0.07421875
1 0.181640625 0.7861328125 0.0341796875 0.0693359375
1 0.2470703125 0.8291015625 0.037109375 0.08984375
1 0.2109375 0.80859375 0.033203125 0.087890625
1 0.2177734375 0.353515625 0.056640625 0.0986328125
1 0.296875 0.2783203125 0.06640625 0.1162109375
1 0.3408203125 0.240234375 0.048828125 0.115234375