1 0.3779296875 0.5107421875 0.109375 0.13671875
1 0.634765625 0.2197265625 0.0703125 0.078125
1 0.6669921875 0.2578125 0.0703125 0.103515625
1 0.833984375 0.771484375 0.044921875 0.0546875
1 0.865234375 0.73828125 0.052734375 0.078125
1 0.1865234375 0.9580078125 0.060546875 0.078125
1 0.2412109375 0.84765625 0.052734375 0.072265625
1 0.283203125 0.85546875 0.052734375 0.091796875
1 0.3173828125 0.8515625 0.052734375 0.09375
1 0.189453125 0.4345703125 0.076171875 0.11328125
1 0.267578125 0.3447265625 0.068359375 0.080078125
1 0.255859375 0.2705078125 0.072265625 0.1171875