1 0.28515625 0.5771484375 0.056640625 0.076171875
1 0.212890625 0.658203125 0.083984375 0.125
1 0.453125 0.1982421875 0.078125 0.125
1 0.0625 0.3994140625 0.125 0.185546875
1 0.4541015625 0.5478515625 0.080078125 0.08984375
1 0.7666015625 0.4267578125 0.052734375 0.052734375
1 0.2529296875 0.3095703125 0.087890625 0.1328125
1 0.44921875 0.45703125 0.07421875 0.1171875
1 0.4345703125 0.4892578125 0.06640625 0.109375
1 0.201171875 0.3212890625 0.14453125 0.23828125
1 0.2978515625 0.27734375 0.169921875 0.27734375
1 0.6669921875 0.162109375 0.267578125 0.32421875
1 0.8720703125 0.1298828125 0.146484375 0.259765625