1 0.2724609375 0.5185546875 0.0400390625 0.068359375
1 0.181640625 0.578125 0.0556640625 0.1142578125
1 0.533203125 0.1962890625 0.048828125 0.1171875
1 0.095703125 0.2880859375 0.1044921875 0.1640625
1 0.443359375 0.5341796875 0.0625 0.0771484375
1 0.7763671875 0.498046875 0.04296875 0.04296875
1 0.310546875 0.251953125 0.0576171875 0.12109375
1 0.4619140625 0.4453125 0.048828125 0.107421875
1 0.439453125 0.47265625 0.041015625 0.1015625
1 0.2578125 0.25 0.08984375 0.22265625
1 0.3623046875 0.232421875 0.10546875 0.259765625
1 0.7568359375 0.185546875 0.181640625 0.3564453125
1 0.9580078125 0.2333984375 0.08203125 0.26171875