1 0.576171875 0.193359375 0.107421875 0.19140625
1 0.697265625 0.1748046875 0.154296875 0.251953125
1 0.640625 0.4609375 0.072265625 0.12109375
1 0.572265625 0.490234375 0.07421875 0.14453125
1 0.7724609375 0.525390625 0.0859375 0.162109375
1 0.5849609375 0.427734375 0.072265625 0.11328125
1 0.482421875 0.2197265625 0.10546875 0.240234375
1 0.0458984375 0.3623046875 0.091796875 0.142578125
1 0.1875 0.3056640625 0.064453125 0.0625
1 0.4052734375 0.58984375 0.078125 0.109375
1 0.193359375 0.666015625 0.06640625 0.0859375