1 0.2734375 0.564453125 0.0546875 0.083984375
1 0.650390625 0.1484375 0.111328125 0.169921875
1 0.7109375 0.12890625 0.08984375 0.13671875
1 0.6826171875 0.4716796875 0.08203125 0.150390625
1 0.1962890625 0.2783203125 0.083984375 0.107421875
1 0.146484375 0.2666015625 0.07421875 0.142578125
1 0.11328125 0.302734375 0.0625 0.06640625
1 0.2626953125 0.5771484375 0.080078125 0.126953125
1 0.673828125 0.130859375 0.0625 0.140625
1 0.732421875 0.482421875 0.06640625 0.1328125
1 0.744140625 0.5537109375 0.076171875 0.07421875
1 0.259765625 0.642578125 0.06640625 0.080078125