1 0.662109375 0.5693359375 0.07421875 0.134765625
1 0.228515625 0.2314453125 0.12109375 0.21484375
1 0.3720703125 0.5908203125 0.091796875 0.107421875
1 0.9169921875 0.24609375 0.078125 0.13671875
1 0.71875 0.5224609375 0.05859375 0.107421875
1 0.6376953125 0.208984375 0.08203125 0.154296875
1 0.3974609375 0.4873046875 0.07421875 0.12109375
1 0.2744140625 0.5009765625 0.078125 0.16015625
1 0.8076171875 0.2607421875 0.091796875 0.1015625
1 0.6240234375 0.646484375 0.07421875 0.16015625
1 0.22265625 0.2353515625 0.068359375 0.068359375
1 0.0556640625 0.2177734375 0.068359375 0.1171875