1 0.5390625 0.5009765625 0.056640625 0.1220703125
1 0.8046875 0.23828125 0.10546875 0.2451171875
1 0.2177734375 0.455078125 0.05078125 0.08984375
1 0.484375 0.2041015625 0.0244140625 0.1767578125
1 0.7919921875 0.625 0.064453125 0.1513671875
1 0.78125 0.193359375 0.048828125 0.1005859375
1 0.2099609375 0.5458984375 0.0537109375 0.087890625
1 0.2939453125 0.2294921875 0.0673828125 0.1181640625
1 0.0966796875 0.2451171875 0.05859375 0.09765625
1 0.7978515625 0.484375 0.0556640625 0.068359375
1 0.255859375 0.650390625 0.0771484375 0.0859375
1 0.5244140625 0.1982421875 0.0380859375 0.0986328125