1 0.6640625 0.5634765625 0.0703125 0.1328125
1 0.2197265625 0.2412109375 0.11328125 0.212890625
1 0.375 0.5947265625 0.087890625 0.103515625
1 0.908203125 0.232421875 0.07421875 0.134765625
1 0.7197265625 0.5146484375 0.0546875 0.10546875
1 0.626953125 0.2041015625 0.076171875 0.15234375
1 0.396484375 0.4912109375 0.072265625 0.119140625
1 0.2744140625 0.5087890625 0.072265625 0.158203125
1 0.7998046875 0.25 0.08984375 0.09765625
1 0.62890625 0.642578125 0.068359375 0.158203125
1 0.212890625 0.2451171875 0.06640625 0.06640625
1 0.0458984375 0.2333984375 0.064453125 0.115234375