1 0.2734375 0.1943359375 0.078125 0.076171875
1 0.3798828125 0.2041015625 0.0859375 0.146484375
1 0.2607421875 0.4697265625 0.091796875 0.150390625
1 0.2373046875 0.4560546875 0.076171875 0.1171875
1 0.1376953125 0.5546875 0.056640625 0.07421875
1 0.5703125 0.60546875 0.1015625 0.1796875
1 0.5966796875 0.509765625 0.072265625 0.125
1 0.7080078125 0.580078125 0.083984375 0.146484375
1 0.7568359375 0.2685546875 0.1484375 0.2421875
1 0.9404296875 0.291015625 0.109375 0.1796875
1 0.8154296875 0.228515625 0.091796875 0.154296875