1 0.4052734375 0.5048828125 0.046875 0.0791015625
1 0.2509765625 0.2919921875 0.10546875 0.1435546875
1 0.5458984375 0.2177734375 0.0771484375 0.20703125
1 0.61328125 0.20703125 0.083984375 0.212890625
1 0.630859375 0.505859375 0.0478515625 0.0517578125
1 0.6376953125 0.4560546875 0.0458984375 0.0986328125
1 0.6630859375 0.1650390625 0.0546875 0.1416015625
1 0.94921875 0.2255859375 0.087890625 0.16015625
1 0.8251953125 0.5400390625 0.0888671875 0.1416015625
1 0.7509765625 0.5029296875 0.0458984375 0.1123046875
1 0.6064453125 0.1865234375 0.0576171875 0.1455078125
1 0.537109375 0.5908203125 0.076171875 0.1669921875