1 0.40625 0.5146484375 0.0546875 0.083984375
1 0.23046875 0.3193359375 0.119140625 0.154296875
1 0.5166015625 0.21484375 0.09765625 0.21484375
1 0.58203125 0.197265625 0.10546875 0.220703125
1 0.630859375 0.4921875 0.052734375 0.056640625
1 0.6328125 0.4423828125 0.056640625 0.103515625
1 0.626953125 0.1494140625 0.068359375 0.146484375
1 0.91796875 0.1796875 0.103515625 0.16796875
1 0.8271484375 0.505859375 0.103515625 0.150390625
1 0.75 0.4765625 0.056640625 0.1171875
1 0.5732421875 0.1767578125 0.072265625 0.150390625
1 0.546875 0.5869140625 0.09375 0.173828125