1 0.5390625 0.498046875 0.064453125 0.125
1 0.7861328125 0.2177734375 0.123046875 0.251953125
1 0.21484375 0.474609375 0.056640625 0.09375
1 0.4638671875 0.2060546875 0.037109375 0.177734375
1 0.7998046875 0.6044921875 0.07421875 0.15625
1 0.7587890625 0.1748046875 0.056640625 0.103515625
1 0.2138671875 0.56640625 0.060546875 0.091796875
1 0.275390625 0.244140625 0.076171875 0.123046875
1 0.080078125 0.2734375 0.064453125 0.1015625
1 0.7958984375 0.4638671875 0.060546875 0.072265625
1 0.2666015625 0.6669921875 0.08203125 0.091796875
1 0.5029296875 0.197265625 0.044921875 0.1015625