1 0.66796875 0.5517578125 0.0615234375 0.12890625
1 0.2021484375 0.26171875 0.099609375 0.2060546875
1 0.3818359375 0.603515625 0.0810546875 0.0986328125
1 0.888671875 0.2041015625 0.0654296875 0.130859375
1 0.7197265625 0.4990234375 0.0478515625 0.1025390625
1 0.6064453125 0.1962890625 0.06640625 0.1484375
1 0.396484375 0.498046875 0.0634765625 0.115234375
1 0.275390625 0.5244140625 0.0615234375 0.154296875
1 0.78125 0.2294921875 0.0830078125 0.0927734375
1 0.638671875 0.6328125 0.05859375 0.1552734375
1 0.1962890625 0.265625 0.0625 0.0615234375
1 0.0283203125 0.265625 0.056640625 0.111328125