1 0.2392578125 0.2353515625 0.056640625 0.107421875
1 0.322265625 0.2470703125 0.052734375 0.1015625
1 0.822265625 0.1826171875 0.078125 0.126953125
1 0.23046875 0.5322265625 0.04296875 0.072265625
1 0.607421875 0.1923828125 0.068359375 0.13671875
1 0.564453125 0.4345703125 0.044921875 0.115234375
1 0.75390625 0.498046875 0.0546875 0.12109375
1 0.2041015625 0.560546875 0.0546875 0.123046875
1 0.1630859375 0.625 0.037109375 0.04296875
1 0.2060546875 0.232421875 0.046875 0.095703125
1 0.71875 0.6162109375 0.072265625 0.154296875
1 0.5390625 0.2197265625 0.08203125 0.287109375
1 0.0546875 0.189453125 0.109375 0.359375