1 0.265625 0.4755859375 0.056640625 0.083984375
1 0.771484375 0.23046875 0.1171875 0.171875
1 0.8349609375 0.234375 0.09375 0.138671875
1 0.6796875 0.5419921875 0.0859375 0.150390625
1 0.3017578125 0.1806640625 0.0859375 0.109375
1 0.259765625 0.1513671875 0.078125 0.142578125
1 0.21484375 0.171875 0.064453125 0.068359375
1 0.2509765625 0.4833984375 0.083984375 0.12890625
1 0.7998046875 0.2236328125 0.06640625 0.140625
1 0.7216796875 0.5712890625 0.0703125 0.1328125
1 0.7060546875 0.6416015625 0.078125 0.076171875
1 0.2236328125 0.5419921875 0.068359375 0.08203125