1 0.1904296875 0.279296875 0.072265625 0.0703125
1 0.294921875 0.255859375 0.07421875 0.142578125
1 0.263671875 0.5458984375 0.078125 0.146484375
1 0.2373046875 0.5390625 0.06640625 0.11328125
1 0.1728515625 0.6640625 0.05078125 0.072265625
1 0.599609375 0.5791015625 0.083984375 0.17578125
1 0.5947265625 0.4794921875 0.0625 0.12109375
1 0.72265625 0.51171875 0.0703125 0.142578125
1 0.6728515625 0.2001953125 0.126953125 0.234375
1 0.8544921875 0.1650390625 0.09375 0.173828125
1 0.7158203125 0.14453125 0.078125 0.1484375