1 0.4052734375 0.490234375 0.05859375 0.0859375
1 0.2861328125 0.255859375 0.126953125 0.158203125
1 0.58984375 0.228515625 0.109375 0.216796875
1 0.658203125 0.228515625 0.1171875 0.22265625
1 0.6279296875 0.5263671875 0.0546875 0.05859375
1 0.642578125 0.478515625 0.060546875 0.10546875
1 0.7138671875 0.1943359375 0.076171875 0.1484375
1 0.96484375 0.298828125 0.0703125 0.171875
1 0.814453125 0.5908203125 0.109375 0.154296875
1 0.7470703125 0.5419921875 0.0625 0.1171875
1 0.654296875 0.20703125 0.080078125 0.15234375
1 0.5224609375 0.595703125 0.1015625 0.177734375