1 0.244140625 0.23046875 0.0556640625 0.1064453125
1 0.3271484375 0.244140625 0.0517578125 0.1015625
1 0.828125 0.1884765625 0.076171875 0.1259765625
1 0.2294921875 0.52734375 0.0419921875 0.072265625
1 0.6123046875 0.1943359375 0.06640625 0.134765625
1 0.5654296875 0.435546875 0.0419921875 0.115234375
1 0.75390625 0.5029296875 0.0517578125 0.1201171875
1 0.203125 0.5556640625 0.0517578125 0.1220703125
1 0.1611328125 0.619140625 0.0361328125 0.0419921875
1 0.2109375 0.2275390625 0.044921875 0.095703125
1 0.716796875 0.6201171875 0.0703125 0.1533203125
1 0.5439453125 0.220703125 0.076171875 0.2861328125
1 0.056640625 0.181640625 0.11328125 0.3583984375