1 0.6328125 0.2138671875 0.07421875 0.1806640625
1 0.755859375 0.21875 0.111328125 0.234375
1 0.6455078125 0.48828125 0.0517578125 0.1123046875
1 0.5732421875 0.50390625 0.0498046875 0.1376953125
1 0.7626953125 0.5771484375 0.056640625 0.154296875
1 0.59765625 0.4453125 0.052734375 0.1044921875
1 0.5361328125 0.2216796875 0.0615234375 0.2333984375
1 0.0751953125 0.27734375 0.0830078125 0.12890625
1 0.23046875 0.25 0.0556640625 0.0537109375
1 0.3896484375 0.5703125 0.060546875 0.099609375
1 0.1669921875 0.6044921875 0.0537109375 0.076171875