1 0.3056640625 0.18359375 0.076171875 0.115234375
1 0.3837890625 0.2138671875 0.072265625 0.109375
1 0.8857421875 0.263671875 0.1015625 0.138671875
1 0.2294921875 0.470703125 0.056640625 0.080078125
1 0.673828125 0.224609375 0.09375 0.146484375
1 0.5771484375 0.4501953125 0.064453125 0.12109375
1 0.748046875 0.5556640625 0.076171875 0.12890625
1 0.1982421875 0.4931640625 0.076171875 0.130859375
1 0.1435546875 0.5458984375 0.044921875 0.048828125
1 0.2734375 0.173828125 0.064453125 0.103515625
1 0.6875 0.662109375 0.1015625 0.1640625
1 0.6005859375 0.236328125 0.134765625 0.294921875
1 0.1318359375 0.1416015625 0.185546875 0.283203125