1 0.5390625 0.4951171875 0.07421875 0.12890625
1 0.759765625 0.193359375 0.142578125 0.2578125
1 0.2138671875 0.5 0.064453125 0.09765625
1 0.4384765625 0.2099609375 0.052734375 0.177734375
1 0.8076171875 0.578125 0.087890625 0.16015625
1 0.7294921875 0.1533203125 0.064453125 0.107421875
1 0.220703125 0.5908203125 0.06640625 0.095703125
1 0.25390625 0.2646484375 0.0859375 0.126953125
1 0.0615234375 0.3115234375 0.072265625 0.10546875
1 0.7919921875 0.4375 0.06640625 0.076171875
1 0.2822265625 0.6865234375 0.08984375 0.09765625
1 0.4765625 0.1982421875 0.052734375 0.103515625