1 0.28125 0.5654296875 0.052734375 0.07421875
1 0.205078125 0.642578125 0.078125 0.123046875
1 0.4697265625 0.1962890625 0.072265625 0.125
1 0.064453125 0.3759765625 0.12890625 0.181640625
1 0.4521484375 0.544921875 0.078125 0.087890625
1 0.76953125 0.4404296875 0.05078125 0.05078125
1 0.2626953125 0.296875 0.08203125 0.130859375
1 0.451171875 0.4541015625 0.0703125 0.115234375
1 0.435546875 0.486328125 0.060546875 0.107421875
1 0.2109375 0.3056640625 0.134765625 0.236328125
1 0.3095703125 0.2666015625 0.15625 0.275390625
1 0.6845703125 0.166015625 0.251953125 0.33203125
1 0.892578125 0.1435546875 0.134765625 0.2734375