1 0.21484375 0.248046875 0.0654296875 0.0634765625
1 0.3212890625 0.2353515625 0.0595703125 0.13671875
1 0.259765625 0.5205078125 0.064453125 0.1396484375
1 0.234375 0.51171875 0.0546875 0.107421875
1 0.1572265625 0.62890625 0.0439453125 0.0673828125
1 0.5908203125 0.5888671875 0.0673828125 0.169921875
1 0.5966796875 0.4892578125 0.0498046875 0.1171875
1 0.7197265625 0.53515625 0.0556640625 0.1376953125
1 0.703125 0.2197265625 0.103515625 0.2255859375
1 0.8876953125 0.2041015625 0.0771484375 0.1669921875
1 0.751953125 0.1689453125 0.0625 0.1435546875