1 0.265625 0.5244140625 0.041015625 0.0771484375
1 0.708984375 0.1796875 0.0859375 0.158203125
1 0.7724609375 0.1708984375 0.0693359375 0.126953125
1 0.6845703125 0.50390625 0.0576171875 0.1416015625
1 0.2392578125 0.228515625 0.0673828125 0.09765625
1 0.1923828125 0.208984375 0.05078125 0.1357421875
1 0.1533203125 0.23828125 0.0537109375 0.0576171875
1 0.2529296875 0.53515625 0.0595703125 0.119140625
1 0.7353515625 0.1669921875 0.0400390625 0.134765625
1 0.7314453125 0.5234375 0.0458984375 0.1259765625
1 0.7314453125 0.595703125 0.0654296875 0.064453125
1 0.23828125 0.5986328125 0.0546875 0.0712890625