1 0.4921875 0.2314453125 0.076171875 0.162109375
1 0.5107421875 0.23046875 0.0625 0.146484375
1 0.884765625 0.2529296875 0.072265625 0.14453125
1 0.6513671875 0.6640625 0.0703125 0.10546875
1 0.2880859375 0.4189453125 0.0546875 0.10546875
1 0.251953125 0.416015625 0.05859375 0.103515625
1 0.232421875 0.4638671875 0.07421875 0.107421875
1 0.193359375 0.5341796875 0.06640625 0.08984375
1 0.392578125 0.22265625 0.083984375 0.130859375
1 0.181640625 0.19921875 0.048828125 0.05859375
1 0.2568359375 0.1904296875 0.05859375 0.05859375
1 0.1572265625 0.611328125 0.056640625 0.078125
1 0.67578125 0.6337890625 0.060546875 0.154296875