1 0.4501953125 0.236328125 0.0517578125 0.15625
1 0.46875 0.232421875 0.0400390625 0.1416015625
1 0.841796875 0.1953125 0.05078125 0.1376953125
1 0.6748046875 0.638671875 0.0546875 0.0986328125
1 0.2783203125 0.453125 0.0390625 0.1015625
1 0.2421875 0.4560546875 0.04296875 0.09765625
1 0.23046875 0.505859375 0.05859375 0.0986328125
1 0.2021484375 0.58203125 0.0537109375 0.0830078125
1 0.3505859375 0.2431640625 0.06640625 0.1220703125
1 0.138671875 0.2529296875 0.0419921875 0.0517578125
1 0.2119140625 0.232421875 0.0517578125 0.05078125
1 0.1787109375 0.6640625 0.0458984375 0.072265625
1 0.6943359375 0.6044921875 0.0380859375 0.1494140625