1 0.5703125 0.1923828125 0.109375 0.19140625
1 0.69140625 0.171875 0.158203125 0.251953125
1 0.6396484375 0.4580078125 0.07421875 0.12109375
1 0.572265625 0.48828125 0.078125 0.14453125
1 0.7734375 0.5205078125 0.087890625 0.162109375
1 0.583984375 0.42578125 0.07421875 0.11328125
1 0.4775390625 0.220703125 0.109375 0.240234375
1 0.0458984375 0.3701171875 0.091796875 0.142578125
1 0.1845703125 0.3115234375 0.06640625 0.064453125
1 0.40625 0.591796875 0.080078125 0.109375
1 0.1962890625 0.671875 0.068359375 0.0859375