1 0.5693359375 0.2099609375 0.07421875 0.134765625
1 0.6337890625 0.2041015625 0.05859375 0.119140625
1 0.85546875 0.25 0.064453125 0.10546875
1 0.7421875 0.5087890625 0.056640625 0.12109375
1 0.767578125 0.5576171875 0.060546875 0.107421875
1 0.6259765625 0.638671875 0.08203125 0.140625
1 0.44921875 0.2177734375 0.064453125 0.1328125
1 0.3427734375 0.2041015625 0.064453125 0.103515625
1 0.1171875 0.1767578125 0.08203125 0.158203125
1 0.2119140625 0.5263671875 0.0625 0.080078125
1 0.2158203125 0.44921875 0.060546875 0.1171875
1 0.349609375 0.5869140625 0.091796875 0.177734375