1 0.04296875 0.2724609375 0.0625 0.099609375
1 0.5625 0.2216796875 0.109375 0.2578125
1 0.2666015625 0.2890625 0.103515625 0.1640625
1 0.783203125 0.2724609375 0.1015625 0.185546875
1 0.9716796875 0.263671875 0.0546875 0.109375
1 0.5986328125 0.4560546875 0.04296875 0.12109375
1 0.6748046875 0.46875 0.05078125 0.078125
1 0.427734375 0.5712890625 0.046875 0.15234375
1 0.4677734375 0.47265625 0.0390625 0.07421875
1 0.66015625 0.1708984375 0.04296875 0.12109375
1 0.806640625 0.5439453125 0.05078125 0.125
1 0.84765625 0.62109375 0.046875 0.0859375