1 0.3056640625 0.2509765625 0.125 0.2265625
1 0.171875 0.228515625 0.0859375 0.228515625
1 0.1162109375 0.228515625 0.0703125 0.140625
1 0.40625 0.5087890625 0.05078125 0.15625
1 0.3896484375 0.47265625 0.048828125 0.115234375
1 0.3359375 0.6103515625 0.07421875 0.09375
1 0.6455078125 0.2666015625 0.12890625 0.1953125
1 0.8701171875 0.2099609375 0.072265625 0.1328125
1 0.560546875 0.4765625 0.05078125 0.083984375
1 0.4091796875 0.4423828125 0.0390625 0.087890625
1 0.451171875 0.25 0.0859375 0.232421875
1 0.5537109375 0.62109375 0.0625 0.07421875