1 0.767578125 0.5146484375 0.048828125 0.095703125
1 0.4794921875 0.48046875 0.05859375 0.1171875
1 0.5458984375 0.208984375 0.0703125 0.111328125
1 0.7802734375 0.205078125 0.060546875 0.1171875
1 0.5712890625 0.4580078125 0.041015625 0.076171875
1 0.705078125 0.44921875 0.060546875 0.126953125
1 0.1455078125 0.205078125 0.138671875 0.30078125
1 0.833984375 0.24609375 0.140625 0.2734375
1 0.5400390625 0.3193359375 0.05859375 0.09375
1 0.8828125 0.2822265625 0.02734375 0.080078125
1 0.541015625 0.5693359375 0.06640625 0.103515625