1 0.2333984375 0.486328125 0.0654296875 0.115234375
1 0.1962890625 0.529296875 0.0537109375 0.111328125
1 0.1787109375 0.654296875 0.0615234375 0.0634765625
1 0.77734375 0.498046875 0.060546875 0.1201171875
1 0.3759765625 0.4609375 0.0439453125 0.0849609375
1 0.220703125 0.486328125 0.0302734375 0.052734375
1 0.443359375 0.2822265625 0.0859375 0.158203125
1 0.4794921875 0.2099609375 0.03125 0.1396484375
1 0.34765625 0.2119140625 0.0537109375 0.12890625
1 0.3955078125 0.2373046875 0.0537109375 0.103515625
1 0.20703125 0.23828125 0.060546875 0.068359375