1 0.2353515625 0.462890625 0.076171875 0.12109375
1 0.1953125 0.5029296875 0.0625 0.115234375
1 0.166015625 0.6259765625 0.06640625 0.068359375
1 0.7763671875 0.5224609375 0.0703125 0.125
1 0.3798828125 0.4501953125 0.05078125 0.087890625
1 0.22265625 0.4619140625 0.03515625 0.0546875
1 0.462890625 0.2783203125 0.099609375 0.166015625
1 0.5048828125 0.208984375 0.04296875 0.142578125
1 0.373046875 0.2001953125 0.064453125 0.1328125
1 0.4189453125 0.2294921875 0.0625 0.107421875
1 0.23046875 0.2138671875 0.06640625 0.07421875