1 0.765625 0.5810546875 0.076171875 0.103515625
1 0.1787109375 0.166015625 0.109375 0.125
1 0.8271484375 0.2763671875 0.076171875 0.11328125
1 0.365234375 0.556640625 0.08203125 0.09375
1 0.4931640625 0.4228515625 0.078125 0.123046875
1 0.1884765625 0.4599609375 0.080078125 0.12109375
1 0.4140625 0.1748046875 0.103515625 0.146484375
1 0.228515625 0.4140625 0.072265625 0.130859375
1 0.666015625 0.2353515625 0.20703125 0.349609375
1 0.5107421875 0.2255859375 0.169921875 0.27734375
1 0.474609375 0.1884765625 0.080078125 0.15234375
1 0.611328125 0.2275390625 0.07421875 0.11328125