1 0.3515625 0.5712890625 0.078125 0.1484375
1 0.2587890625 0.525390625 0.0703125 0.076171875
1 0.193359375 0.4658203125 0.083984375 0.140625
1 0.42578125 0.2001953125 0.072265625 0.158203125
1 0.2978515625 0.208984375 0.076171875 0.087890625
1 0.1279296875 0.1884765625 0.091796875 0.166015625
1 0.5673828125 0.5224609375 0.087890625 0.14453125
1 0.69921875 0.533203125 0.0625 0.12109375
1 0.8388671875 0.642578125 0.080078125 0.11328125
1 0.806640625 0.2509765625 0.1328125 0.1953125
1 0.6865234375 0.201171875 0.08203125 0.1484375