1 0.5849609375 0.2138671875 0.08203125 0.138671875
1 0.6494140625 0.2109375 0.0625 0.12109375
1 0.8681640625 0.2685546875 0.0703125 0.107421875
1 0.7421875 0.521484375 0.0625 0.12109375
1 0.7646484375 0.5712890625 0.06640625 0.109375
1 0.6181640625 0.6455078125 0.087890625 0.142578125
1 0.4638671875 0.2158203125 0.0703125 0.134765625
1 0.3583984375 0.1962890625 0.068359375 0.10546875
1 0.134765625 0.1572265625 0.08984375 0.16015625
1 0.2109375 0.51171875 0.06640625 0.08203125
1 0.21875 0.4345703125 0.06640625 0.119140625
1 0.3447265625 0.5791015625 0.1015625 0.1796875