1 0.240234375 0.4404296875 0.083984375 0.125
1 0.1962890625 0.4765625 0.072265625 0.119140625
1 0.1572265625 0.595703125 0.072265625 0.072265625
1 0.7734375 0.5458984375 0.080078125 0.12890625
1 0.384765625 0.4404296875 0.05859375 0.091796875
1 0.2275390625 0.4384765625 0.0390625 0.056640625
1 0.482421875 0.275390625 0.111328125 0.169921875
1 0.5302734375 0.2109375 0.0546875 0.142578125
1 0.400390625 0.189453125 0.076171875 0.13671875
1 0.4423828125 0.2236328125 0.0703125 0.111328125
1 0.2568359375 0.19140625 0.072265625 0.078125