1 0.5390625 0.2041015625 0.0615234375 0.1298828125
1 0.6025390625 0.19140625 0.0458984375 0.115234375
1 0.8271484375 0.2138671875 0.0546875 0.1005859375
1 0.7421875 0.4833984375 0.044921875 0.1162109375
1 0.7724609375 0.529296875 0.05078125 0.1025390625
1 0.6396484375 0.625 0.068359375 0.1337890625
1 0.419921875 0.224609375 0.0517578125 0.1279296875
1 0.3125 0.22265625 0.0537109375 0.09765625
1 0.0859375 0.21875 0.0673828125 0.1513671875
1 0.2158203125 0.556640625 0.0546875 0.07421875
1 0.2119140625 0.4794921875 0.0498046875 0.1123046875
1 0.359375 0.6025390625 0.0751953125 0.169921875