1 0.3583984375 0.583984375 0.06640625 0.1435546875
1 0.26171875 0.5458984375 0.0634765625 0.0703125
1 0.19140625 0.4931640625 0.0732421875 0.1337890625
1 0.400390625 0.2080078125 0.0595703125 0.1533203125
1 0.2734375 0.2275390625 0.0693359375 0.08203125
1 0.1025390625 0.2216796875 0.0791015625 0.1591796875
1 0.5693359375 0.5166015625 0.0751953125 0.138671875
1 0.701171875 0.515625 0.052734375 0.1171875
1 0.849609375 0.6123046875 0.0712890625 0.107421875
1 0.7841796875 0.2255859375 0.1162109375 0.1865234375
1 0.66015625 0.185546875 0.0693359375 0.142578125