1 0.3564453125 0.21875 0.1640625 0.24609375
1 0.2294921875 0.1708984375 0.12890625 0.240234375
1 0.1748046875 0.16015625 0.095703125 0.150390625
1 0.40625 0.4912109375 0.080078125 0.1640625
1 0.396484375 0.4521484375 0.0703125 0.123046875
1 0.318359375 0.5771484375 0.08984375 0.10546875
1 0.6875 0.298828125 0.162109375 0.216796875
1 0.9189453125 0.2861328125 0.095703125 0.14453125
1 0.5634765625 0.48828125 0.06640625 0.091796875
1 0.421875 0.42578125 0.0546875 0.09375
1 0.5 0.2451171875 0.12890625 0.244140625
1 0.529296875 0.62890625 0.07421875 0.0859375