1 0.3525390625 0.57421875 0.076171875 0.1484375
1 0.2587890625 0.529296875 0.068359375 0.07421875
1 0.1923828125 0.4716796875 0.08203125 0.138671875
1 0.4208984375 0.2021484375 0.0703125 0.15625
1 0.29296875 0.2119140625 0.07421875 0.0859375
1 0.123046875 0.1943359375 0.08984375 0.1640625
1 0.568359375 0.521484375 0.083984375 0.14453125
1 0.69921875 0.529296875 0.060546875 0.12109375
1 0.8408203125 0.63671875 0.078125 0.111328125
1 0.802734375 0.24609375 0.12890625 0.193359375
1 0.681640625 0.197265625 0.080078125 0.146484375