1 0.767578125 0.5048828125 0.044921875 0.0947265625
1 0.478515625 0.4814453125 0.0546875 0.1162109375
1 0.5361328125 0.2080078125 0.0673828125 0.109375
1 0.76953125 0.1953125 0.0556640625 0.1162109375
1 0.5693359375 0.455078125 0.0380859375 0.07421875
1 0.703125 0.4423828125 0.056640625 0.1259765625
1 0.1357421875 0.2177734375 0.1279296875 0.2958984375
1 0.8251953125 0.234375 0.130859375 0.2685546875
1 0.5341796875 0.318359375 0.0546875 0.091796875
1 0.875 0.2685546875 0.0244140625 0.0791015625
1 0.54296875 0.568359375 0.0625 0.1015625