1 0.77734375 0.509765625 0.0546875 0.0927734375
1 0.103515625 0.2607421875 0.0859375 0.10546875
1 0.7578125 0.19921875 0.0517578125 0.103515625
1 0.384765625 0.58984375 0.064453125 0.080078125
1 0.4736328125 0.4267578125 0.05078125 0.1142578125
1 0.1884765625 0.5419921875 0.052734375 0.111328125
1 0.3330078125 0.2080078125 0.072265625 0.1328125
1 0.2158203125 0.4873046875 0.0419921875 0.125
1 0.591796875 0.201171875 0.126953125 0.3271484375
1 0.439453125 0.232421875 0.10546875 0.259765625
1 0.39453125 0.2060546875 0.04296875 0.146484375
1 0.537109375 0.2080078125 0.048828125 0.1044921875