1 0.7646484375 0.5419921875 0.05859375 0.099609375
1 0.4814453125 0.478515625 0.0703125 0.123046875
1 0.576171875 0.2158203125 0.08203125 0.1171875
1 0.8095703125 0.2353515625 0.072265625 0.123046875
1 0.5751953125 0.46484375 0.048828125 0.078125
1 0.708984375 0.4716796875 0.07421875 0.1328125
1 0.1787109375 0.169921875 0.16796875 0.310546875
1 0.859375 0.2822265625 0.166015625 0.283203125
1 0.5595703125 0.3251953125 0.06640625 0.09765625
1 0.9033203125 0.3232421875 0.03515625 0.08203125
1 0.533203125 0.5732421875 0.076171875 0.109375