1 0.771484375 0.4423828125 0.076171875 0.103515625
1 0.0576171875 0.36328125 0.109375 0.123046875
1 0.677734375 0.1455078125 0.076171875 0.11328125
1 0.41015625 0.615234375 0.08203125 0.09375
1 0.45703125 0.435546875 0.076171875 0.123046875
1 0.2080078125 0.6162109375 0.078125 0.12109375
1 0.267578125 0.2568359375 0.1015625 0.146484375
1 0.220703125 0.556640625 0.0703125 0.130859375
1 0.5166015625 0.1875 0.203125 0.34765625
1 0.376953125 0.2548828125 0.166015625 0.27734375
1 0.326171875 0.240234375 0.076171875 0.15234375
1 0.4658203125 0.2080078125 0.072265625 0.11328125