1 0.0224609375 0.3798828125 0.044921875 0.111328125
1 0.498046875 0.21484375 0.1640625 0.27734375
1 0.2255859375 0.3466796875 0.138671875 0.18359375
1 0.724609375 0.21484375 0.140625 0.203125
1 0.90625 0.1640625 0.078125 0.119140625
1 0.5859375 0.4345703125 0.068359375 0.126953125
1 0.6630859375 0.4306640625 0.06640625 0.0859375
1 0.4453125 0.5859375 0.080078125 0.158203125
1 0.462890625 0.48046875 0.052734375 0.080078125
1 0.58203125 0.1435546875 0.068359375 0.126953125
1 0.80859375 0.4736328125 0.078125 0.1328125
1 0.8662109375 0.5400390625 0.06640625 0.09375